auxillary_inputs/rock_till/sew/bdrx_24.txt
ncols         436
nrows         413
xllcorner     1121548.2005005
yllcorner     886503.6505127
cellsize      24
NODATA_value  -9999
[rows 319 to 347 of 413, columns 130 to 194 of 436]
1740 1739.856 1739.377 1738.192 1737.539 1737.293 1737.195 1737.088 1736.907 1736.695 1736.622 1736.583 1736.337 1735.717 1735.266 1735.072 1735.065 1735.123 1735.153 1735.056 1734.79 1734.551 1734.406 1734.315 1734.176 1733.854 1733.255 1732.532 1732.252 1732.224 1732.264 1732.295 1732.307 1732.333 1732.483 1732.99 1734.119 1735.445 1736.732 1738.18 1739.595 1740.087 1740.532 1741.694 1742.666 1744.041 1745.694 1747.179 1748.581 1749.964 1751.586 1753.854 1756.277 1758.426 1759.997 1761.041 1761.773 1762.354 1762.881 1763.406 1763.95 -9999 -9999 -9999 -9999
1743.142 1742.776 1741.878 1740.553 1740.08 1740 1740.02 1740.043 1740.038 1740.001 1739.954 1739.854 1739.455 1738.343 1737.736 1737.527 1737.547 1737.618 1737.651 1737.489 1736.96 1736.572 1736.388 1736.302 1736.176 1735.853 1735.253 1734.656 1734.354 1734.283 1734.308 1734.35 1734.396 1734.511 1734.816 1735.439 1736.391 1737.555 1738.598 1740.071 1741.668 1742.743 1743.511 1744.357 1745.124 1746.185 1747.788 1748.862 1749.875 1751.008 1752.646 1754.785 1757.06 1758.984 1760.08 1761.192 1762.012 1762.642 1763.183 1763.697 -9999 -9999 -9999 -9999 -9999
1746.464 1745.957 1744.828 1743.695 1743.204 1743.127 1743.201 1743.296 1743.334 1743.226 1742.911 1742.458 1741.705 1740.531 1740.116 1740.011 1740.005 1740.012 1739.981 1739.743 1738.819 1738.359 1738.219 1738.195 1738.142 1737.871 1737.169 1736.584 1736.281 1736.184 1736.184 1736.216 1736.282 1736.461 1736.895 1737.653 1738.492 1739.679 1740.388 1742.036 1743.854 1745.416 1746.59 1747.208 1747.543 1747.943 1749.609 1749.975 1750.134 1751.564 1753.403 1755.549 1757.819 1759.841 1760.759 1761.573 1762.273 1762.869 1763.402 -9999 -9999 -9999 -9999 -9999 -9999
1749.863 1749.326 1747.908 1746.922 1746.534 1746.492 1746.578 1746.675 1746.677 1746.406 1745.711 1745.028 1744.331 1743.567 1743.126 1742.795 1742.55 1742.308 1741.932 1741.282 1740.26 1740.018 1739.997 1740.007 1739.998 1739.803 1738.86 1738.323 1738.104 1738.04 1738.035 1738.05 1738.092 1738.243 1738.713 1739.719 1740.238 1741.451 1742.606 1744.228 1746.109 1747.972 1749.52 1749.947 1749.968 1749.924 1750.149 1750.733 1751.265 1752.5 1754.162 1756.095 1758.151 1759.99 1761.039 1761.804 1762.446 1763.019 1763.548 1764.053 -9999 -9999 -9999 -9999 -9999
1753.004 1752.209 1750.752 1750.078 1749.907 1749.931 1749.998 1750.036 1749.944 1749.49 1748.319 1747.588 1747.149 1746.761 1746.337 1745.664 1745.136 1744.658 1744.016 1743.258 1742.486 1742.139 1741.959 1741.806 1741.586 1741.111 1740.217 1740.01 1739.993 1740.003 1740.008 1740.004 1739.99 1739.999 1740.227 1741.262 1742.213 1743.496 1744.854 1746.37 1748.16 1750.004 1751.461 1752.04 1752.077 1751.918 1751.873 1752.193 1752.725 1753.688 1754.998 1756.537 1758.275 1759.983 1761.065 1761.848 1762.502 1763.089 1763.635 1764.153 -9999 -9999 -9999 -9999 -9999
1756.37 1755.616 1754.297 1753.523 1753.29 1753.307 1753.363 1753.3 1752.913 1751.979 1750.621 1750.138 1750.008 1749.861 1749.442 1748.327 1747.651 1747.095 1746.241 1745.485 1744.906 1744.507 1744.103 1743.743 1743.39 1742.927 1742.379 1742.202 1742.199 1742.227 1742.235 1742.217 1742.183 1742.195 1742.451 1743.255 1744.325 1745.71 1747.156 1748.419 1750.084 1751.898 1753.304 1753.977 1754.098 1753.973 1753.885 1754.03 1754.407 1755.073 1755.994 1757.022 1758.337 1759.952 1760.974 1761.78 1762.481 1763.113 1763.695 1764.235 -9999 -9999 -9999 -9999 -9999
1759.839 1759.207 1757.733 1756.894 1756.644 1756.661 1756.715 1756.611 1756.084 1754.936 1753.794 1753.262 1752.971 1752.502 1751.708 1750.514 1750.046 1749.595 1748.457 1747.773 1747.402 1747.023 1746.344 1745.813 1745.444 1745.111 1744.812 1744.691 1744.681 1744.699 1744.703 1744.681 1744.648 1744.664 1744.869 1745.455 1746.463 1747.95 1749.54 1750.446 1752.156 1753.942 1755.317 1755.978 1756.124 1756.043 1755.962 1756.018 1756.245 1756.656 1757.292 1758.091 1759.093 1759.987 1760.862 1761.704 1762.47 1763.157 1763.775 1764.338 1764.856 -9999 -9999 -9999 -9999
1762.99 1762.171 1760.72 1760.076 1759.939 1759.982 1760.033 1759.938 1759.386 1757.982 1757.011 1756.547 1756.114 1755.282 1754.359 1753.418 1752.728 1751.82 1750.547 1750.104 1749.94 1749.591 1748.519 1747.915 1747.652 1747.503 1747.382 1747.327 1747.32 1747.327 1747.327 1747.312 1747.286 1747.279 1747.365 1747.683 1748.456 1749.946 1751.513 1752.816 1754.448 1756.167 1757.524 1758.048 1758.13 1758.072 1758.017 1758.03 1758.13 1758.307 1758.637 1759.152 1759.94 1760.036 1760.894 1761.785 1762.59 1763.301 1763.933 1764.499 1765.013 1765.484 -9999 -9999 -9999
1766.332 1765.576 1764.271 1763.5 1763.26 1763.271 1763.284 1763.044 1762.229 1760.763 1760.094 1759.829 1759.367 1758.147 1757.239 1756.572 1755.87 1754.744 1753.63 1752.992 1752.426 1751.637 1750.449 1750.047 1749.966 1749.959 1749.963 1749.968 1749.977 1749.983 1749.986 1749.982 1749.969 1749.946 1749.925 1749.987 1750.431 1751.957 1753.589 1755.099 1756.64 1758.305 1759.73 1760.027 1760.033 1760.01 1759.996 1759.991 1759.991 1759.985 1759.989 1760.061 1760.582 1760.858 1761.485 1762.227 1762.949 1763.612 1764.208 1764.747 1765.236 1765.682 -9999 -9999 -9999
1769.799 1769.18 1767.756 1766.909 1766.612 1766.595 1766.603 1766.374 1765.599 1764.259 1763.421 1762.925 1762.208 1760.93 1760.25 1759.873 1759.271 1757.884 1756.875 1756.151 1755.218 1754.273 1753.295 1752.693 1752.442 1752.387 1752.414 1752.46 1752.5 1752.529 1752.544 1752.544 1752.523 1752.483 1752.462 1752.59 1753.155 1754.444 1755.9 1757.349 1758.558 1760 1761.213 1761.709 1761.851 1761.882 1761.878 1761.845 1761.774 1761.661 1761.54 1761.502 1761.725 1761.979 1762.418 1762.968 1763.542 1764.096 1764.614 1765.093 1765.534 1765.939 -9999 -9999 -9999
1772.98 1772.251 1770.987 1770.347 1770.052 1769.971 1769.96 1769.815 1769.187 1767.747 1766.865 1766.38 1765.794 1764.843 1763.884 1763.143 1762.201 1760.741 1759.988 1759.341 1758.061 1757.152 1756.341 1755.471 1755 1754.851 1754.86 1754.918 1754.976 1755.019 1755.045 1755.052 1755.034 1755.002 1755.014 1755.218 1755.868 1757.064 1758.25 1759.63 1760.341 1761.635 1762.709 1763.298 1763.555 1763.652 1763.674 1763.639 1763.539 1763.376 1763.201 1763.094 1763.137 1763.277 1763.544 1763.904 1764.308 1764.721 1765.13 1765.527 1765.902 1766.255 1766.583 -9999 -9999
1776.447 1775.938 1775.194 1774.535 1773.811 1773.383 1773.179 1772.917 1772.242 1771.03 1770.477 1770.21 1769.793 1768.987 1767.603 1766.609 1765.595 1764.16 1763.045 1761.923 1760.567 1759.969 1759.368 1758.078 1757.523 1757.36 1757.364 1757.414 1757.465 1757.503 1757.527 1757.536 1757.526 1757.499 1757.515 1757.692 1758.309 1759.563 1760.325 1761.617 1762.589 1763.615 1764.441 1764.951 1765.218 1765.345 1765.395 1765.378 1765.275 1765.08 1764.867 1764.702 1764.628 1764.645 1764.757 1764.945 1765.179 1765.44 1765.726 1766.029 1766.328 1766.618 1766.896 -9999 -9999
1780.257 1779.951 1779.516 1778.822 1777.551 1776.844 1776.564 1776.367 1775.973 1775.357 1774.973 1774.547 1773.684 1772.522 1771.007 1770.089 1769.176 1767.541 1766.213 1764.843 1763.617 1762.784 1761.806 1760.52 1760.093 1760.012 1759.996 1759.994 1760.002 1760.012 1760.014 1760.003 1759.987 1759.971 1759.959 1760.002 1760.34 1761.533 1762.621 1763.896 1764.979 1765.784 1766.33 1766.665 1766.859 1766.971 1767.036 1767.046 1766.952 1766.706 1766.451 1766.243 1766.083 1765.994 1765.979 1766.018 1766.094 1766.205 1766.358 1766.567 1766.791 1767.018 1767.241 -9999 -9999
1784.626 1783.912 1783.166 1782.24 1780.993 1780.473 1780.358 1780.329 1780.182 1779.867 1779.546 1778.937 1777.56 1776.309 1775.006 1773.694 1772.328 1770.607 1769.404 1767.872 1766.776 1765.899 1764.737 1763.689 1763.231 1763.026 1762.802 1762.649 1762.593 1762.578 1762.533 1762.431 1762.34 1762.307 1762.349 1762.496 1762.883 1763.8 1764.935 1766.266 1767.428 1767.987 1768.237 1768.371 1768.456 1768.522 1768.579 1768.61 1768.53 1768.164 1767.872 1767.652 1767.422 1767.254 1767.15 1767.069 1767.008 1766.975 1766.997 1767.118 1767.272 1767.441 1767.61 -9999 -9999
1788.987 1787.73 1786.797 1786.04 1785.339 1785.052 1785.022 1784.992 1784.709 1784.043 1783.365 1782.464 1781.047 1780.06 1779.026 1777.373 1775.794 1774.014 1772.486 1770.893 1770.02 1769.238 1767.83 1766.942 1766.559 1766.233 1765.655 1765.286 1765.164 1765.136 1765.031 1764.774 1764.57 1764.532 1764.688 1765 1765.383 1766.047 1767.049 1768.42 1769.721 1770.004 1770.022 1770.014 1770.009 1770.007 1770.008 1770.007 1769.931 1769.324 1769.056 1768.896 1768.579 1768.366 1768.225 1768.055 1767.879 1767.71 1767.615 1767.669 1767.764 1767.876 1767.992 -9999 -9999
1792.507 1791.215 1790.496 1790.035 1789.742 1789.656 1789.667 1789.571 1789.065 1787.844 1786.948 1786.157 1785.079 1783.85 1782.58 1780.961 1779.57 1777.705 1776.188 1774.79 1773.502 1772.228 1770.707 1770.079 1769.842 1769.41 1768.316 1767.765 1767.636 1767.628 1767.466 1766.946 1766.6 1766.564 1766.861 1767.414 1767.729 1768.08 1768.749 1769.974 1771.076 1771.538 1771.66 1771.66 1771.61 1771.521 1771.387 1771.169 1770.766 1770.067 1769.999 1769.962 1769.474 1769.282 1769.18 1768.935 1768.687 1768.391 1768.253 1768.229 1768.261 1768.315 -9999 -9999 -9999
1796.298 1795.547 1794.863 1794.099 1793.646 1793.495 1793.442 1793.212 1792.487 1791.13 1790.363 1789.861 1789.066 1787.579 1786.391 1785.201 1783.772 1781.672 1780.288 1779.007 1777.266 1775.73 1774.223 1773.389 1772.819 1771.908 1770.579 1770.093 1769.999 1769.965 1769.732 1768.805 1768.364 1768.343 1768.761 1769.715 1769.956 1770.012 1770.261 1771.362 1772.363 1772.942 1773.197 1773.264 1773.209 1773.05 1772.795 1772.426 1771.915 1771.309 1770.973 1770.613 1770.034 1769.998 1769.986 1769.631 1769.392 1768.924 1768.822 1768.767 -9999 -9999 -9999 -9999 -9999
1799.958 1799.645 1799.01 1797.759 1797.094 1796.89 1796.843 1796.682 1796.163 1795.181 1794.168 1793.368 1792.365 1790.894 1790.136 1789.534 1788.452 1786.406 1784.767 1782.992 1780.978 1779.408 1777.708 1776.748 1776.02 1774.871 1773.648 1772.861 1772.387 1771.928 1771.247 1770.224 1769.983 1769.986 1770.252 1771.305 1771.927 1772.209 1772.513 1773.221 1773.95 1774.472 1774.769 1774.883 1774.83 1774.61 1774.268 1773.819 1773.274 1772.68 1772.155 1771.607 1771.028 1770.712 1770.42 1770.007 1769.983 1769.407 1769.386 1769.28 -9999 -9999 -9999 -9999 -9999
1803.036 1802.692 1801.904 1800.675 1800.199 1800.12 1800.151 1800.117 1799.849 1799.138 1797.768 1796.828 1795.887 1794.605 1793.796 1793.134 1792.041 1790.402 1788.994 1787.016 1785.046 1782.986 1780.964 1780.037 1779.321 1777.899 1776.73 1775.661 1774.843 1774.024 1773.167 1772.354 1772.059 1772.101 1772.498 1773.404 1774.208 1774.65 1774.949 1775.361 1775.807 1776.178 1776.433 1776.556 1776.494 1776.193 1775.781 1775.289 1774.741 1774.144 1773.509 1772.828 1772.144 1771.564 1771.006 1770.425 1770.012 1769.994 1769.993 1769.734 -9999 -9999 -9999 -9999 -9999
1805.73 1805.425 1804.815 1804.056 1803.7 1803.644 1803.661 1803.527 1803.021 1802.084 1800.711 1800.009 1799.302 1797.942 1797.115 1796.415 1795.242 1793.801 1792.294 1790.512 1788.937 1786.691 1784.612 1783.259 1782.006 1780.464 1779.529 1778.223 1777.287 1776.231 1775.339 1774.714 1774.465 1774.534 1774.968 1775.837 1776.815 1777.284 1777.478 1777.649 1777.844 1778.032 1778.19 1778.283 1778.198 1777.741 1777.271 1776.752 1776.236 1775.666 1774.967 1774.175 1773.362 1772.595 1771.873 1771.211 1770.725 1770.523 1770.326 -9999 -9999 -9999 -9999 -9999 -9999
1808.089 1807.909 1807.586 1807.235 1807.064 1807.047 1807.037 1806.78 1805.994 1805.033 1803.932 1802.995 1801.996 1800.689 1800.107 1799.513 1798.142 1796.814 1795.293 1793.681 1791.983 1789.901 1787.868 1786.393 1784.79 1783.098 1781.71 1780.322 1779.614 1778.372 1777.543 1777.221 1777.098 1777.159 1777.497 1778.298 1779.54 1779.949 1780.023 1780.032 1780.035 1780.033 1780.031 1780.017 1779.876 1779.119 1778.656 1778.108 1777.676 1777.198 1776.452 1775.563 1774.64 1773.754 1772.937 1772.215 1771.646 1771.247 -9999 -9999 -9999 -9999 -9999 -9999 -9999
1810.017 1810.016 1809.994 1809.964 1809.962 1809.978 1809.944 1809.63 1808.539 1807.738 1806.939 1805.886 1804.902 1803.955 1803.247 1802.267 1800.774 1799.708 1798.123 1796.623 1794.813 1792.758 1790.738 1789.421 1787.523 1785.601 1783.959 1782.581 1781.549 1780.364 1779.983 1779.948 1779.984 1780.014 1780.113 1780.535 1781.677 1782.306 1782.535 1782.567 1782.483 1782.299 1782.055 1781.709 1781.116 1780.162 1779.911 1779.245 1778.963 1778.672 1777.85 1776.887 1775.904 1774.962 1774.103 1773.344 -9999 -9999 -9999 -9999 -9999 -9999 -9999 -9999 -9999
1811.395 1811.695 1811.916 1812.078 1812.175 1812.168 1811.963 1811.379 1810.321 1809.987 1809.59 1808.429 1807.665 1807.119 1806.507 1805.391 1804.081 1802.762 1800.924 1799.56 1797.614 1795.633 1793.799 1792.051 1789.976 1787.904 1786.191 1784.943 1783.972 1783.052 1782.725 1782.85 1783.133 1783.284 1783.381 1783.672 1784.333 1784.835 1785.091 1785.151 1785.012 1784.644 1784.189 1783.609 1782.796 1781.797 1781.009 1780.104 1779.996 1779.918 1778.945 1778.022 1777.073 1776.149 1775.306 -9999 -9999 -9999 -9999 -9999 -9999 -9999 -9999 -9999 -9999
1812.479 1813.024 1813.444 1813.752 1813.929 1813.931 1813.696 1813.162 1812.42 1811.947 1811.344 1810.326 1810.031 1809.912 1809.526 1808.304 1807.326 1806.188 1804.283 1802.393 1800.21 1798.262 1796.648 1794.557 1792.245 1790.05 1788.355 1787.401 1786.667 1785.791 1785.465 1785.765 1786.404 1786.698 1786.789 1786.924 1787.208 1787.469 1787.636 1787.684 1787.499 1786.904 1786.322 1785.672 1784.768 1783.702 1782.618 1781.535 1780.797 1780.044 1779.403 1778.916 1778.124 1777.273 -9999 -9999 -9999 -9999 -9999 -9999 -9999 -9999 -9999 -9999 -9999
1813.445 1814.142 1814.709 1815.135 1815.395 1815.458 1815.294 1814.903 1814.379 1813.894 1813.32 1812.634 1812.289 1812.002 1811.4 1810.313 1809.899 1809.192 1807.162 1805.077 1802.692 1800.46 1799.132 1796.758 1794.365 1792.221 1790.537 1789.957 1789.446 1788.296 1787.905 1788.348 1789.461 1789.855 1789.938 1789.961 1789.995 1790.015 1790.02 1789.991 1789.762 1788.833 1788.256 1787.768 1786.836 1785.763 1784.517 1783.216 1782.046 1780.952 1780.087 1779.931 1779.131 -9999 -9999 -9999 -9999 -9999 -9999 -9999 -9999 -9999 -9999 -9999 -9999
1814.353 1815.136 1815.804 1816.325 1816.67 1816.817 1816.762 1816.521 1816.168 1815.776 1815.313 1814.789 1814.364 1813.902 1813.191 1812.219 1811.373 1810.194 1808.84 1807.32 1804.893 1802.21 1800.038 1798.205 1796.296 1794.663 1793.42 1792.632 1791.668 1790.398 1790.047 1790.349 1791.466 1792.162 1792.475 1792.576 1792.538 1792.385 1792.164 1791.834 1791.226 1790.228 1790.007 1789.787 1788.763 1787.835 1786.515 1785.053 1783.667 1782.435 1781.455 1780.839 1780.001 -9999 -9999 -9999 -9999 -9999 -9999 -9999 -9999 -9999 -9999 -9999 -9999
1815.214 1816.047 1816.778 1817.37 1817.788 1818.013 1818.07 1817.954 1817.746 1817.489 1817.152 1816.695 1816.229 1815.681 1814.903 1813.894 1812.784 1811.486 1810.191 1809.314 1806.719 1803.693 1800.905 1799.727 1798.26 1797.252 1796.522 1795.742 1794.508 1793.352 1792.917 1793.117 1793.843 1794.469 1794.852 1795.01 1794.931 1794.602 1794.189 1793.678 1792.968 1792.146 1791.672 1791.146 1790.207 1789.755 1788.409 1786.867 1785.41 1784.134 1783.014 1782.035 -9999 -9999 -9999 -9999 -9999 -9999 -9999 -9999 -9999 -9999 -9999 -9999 -9999
1816.027 1816.879 1817.64 1818.276 1818.74 1819.005 1819.168 1819.137 1819.046 1818.932 1818.736 1818.282 1817.837 1817.313 1816.506 1815.434 1814.183 1812.807 1811.436 1810.113 1808.168 1805.639 1803.198 1801.684 1800.41 1799.997 1799.762 1799.161 1797.688 1796.647 1796.251 1796.332 1796.701 1797.068 1797.335 1797.455 1797.3 1796.717 1796.165 1795.601 1794.859 1794.08 1793.419 1792.738 1791.915 1791.189 1789.976 1788.5 1787.105 1785.919 1784.729 -9999 -9999 -9999 -9999 -9999 -9999 -9999 -9999 -9999 -9999 -9999 -9999 -9999 -9999
1816.787 1817.623 1818.372 1819.013 1819.492 1819.705 1819.991 1820.002 1820.002 1820.004 1819.963 1819.433 1819.109 1818.754 1817.959 1816.844 1815.498 1814.035 1812.573 1811.154 1809.663 1807.747 1805.729 1804.316 1803.388 1803.029 1802.757 1802.098 1800.874 1800.264 1800.079 1800.084 1800.118 1800.084 1800.046 1799.981 1799.679 1798.688 1798.097 1797.606 1796.79 1795.994 1795.211 1794.434 1793.576 1792.646 1791.424 1790.01 1788.711 1787.776 -9999 -9999 -9999 -9999 -9999 -9999 -9999 -9999 -9999 -9999 -9999 -9999 -9999 -9999 -9999
