auxillary_inputs/rock_till/sew/bdrx_24.txt
ncols         436
nrows         413
xllcorner     1121548.2005005
yllcorner     886503.6505127
cellsize      24
NODATA_value  -9999
[rows 116 to 144 of 413, columns 130 to 194 of 436]
-9999 -9999 -9999 -9999 -9999 -9999 -9999 -9999 -9999 -9999 -9999 -9999 -9999 -9999 -9999 -9999 -9999 -9999 -9999 -9999 -9999 -9999 -9999 -9999 -9999 -9999 -9999 -9999 -9999 -9999 -9999 -9999 -9999 -9999 -9999 -9999 -9999 -9999 -9999 -9999 -9999 -9999 -9999 -9999 -9999 -9999 -9999 -9999 -9999 1568.975 1567.489 1565.816 1564.082 1562.409 1560.954 1559.869 1558.147 1556.357 1554.605 1552.939 1551.419 1550.005 1548.295 1546.399 1544.377
-9999 -9999 -9999 -9999 -9999 -9999 -9999 -9999 -9999 -9999 -9999 -9999 -9999 -9999 -9999 -9999 -9999 -9999 -9999 -9999 -9999 -9999 -9999 -9999 -9999 -9999 -9999 -9999 -9999 -9999 -9999 -9999 -9999 -9999 -9999 -9999 -9999 -9999 -9999 -9999 -9999 -9999 -9999 -9999 -9999 -9999 -9999 -9999 1571.126 1569.856 1568.297 1566.58 1564.782 1563.025 1561.423 1559.988 1558.308 1556.639 1554.969 1553.296 1551.651 1550.012 1548.291 1546.436 1544.453
-9999 -9999 -9999 -9999 -9999 -9999 -9999 -9999 -9999 -9999 -9999 -9999 -9999 -9999 -9999 -9999 -9999 -9999 -9999 -9999 -9999 -9999 -9999 -9999 -9999 -9999 -9999 -9999 -9999 -9999 -9999 -9999 -9999 -9999 -9999 -9999 -9999 -9999 -9999 -9999 -9999 -9999 -9999 -9999 -9999 -9999 -9999 1573.866 1571.919 1570.187 1568.929 1567.259 1565.398 1563.51 1561.689 1559.977 1558.334 1556.87 1555.291 1553.574 1551.803 1550.011 1548.234 1546.39 1544.446
-9999 -9999 -9999 -9999 -9999 -9999 -9999 -9999 -9999 -9999 -9999 -9999 -9999 -9999 -9999 -9999 -9999 -9999 -9999 -9999 -9999 -9999 -9999 -9999 -9999 -9999 -9999 -9999 -9999 -9999 -9999 -9999 -9999 -9999 -9999 -9999 -9999 -9999 -9999 -9999 -9999 -9999 -9999 -9999 -9999 -9999 1577.26 1575.012 1572.931 1571.157 1569.811 1567.937 1565.981 1564 1562.034 1560.173 1558.923 1557.406 1555.69 1553.849 1551.941 1550.012 1548.141 1546.255 1544.326
-9999 -9999 -9999 -9999 -9999 -9999 -9999 -9999 -9999 -9999 -9999 -9999 -9999 -9999 -9999 -9999 -9999 -9999 -9999 -9999 -9999 -9999 -9999 -9999 -9999 -9999 -9999 -9999 -9999 -9999 -9999 -9999 -9999 -9999 -9999 -9999 -9999 -9999 -9999 -9999 -9999 -9999 -9999 -9999 -9999 1580.434 1578.322 1576.066 1573.835 1571.786 1570.002 1568.321 1566.512 1564.603 1562.721 1561.062 1559.828 1558.017 1556.103 1554.12 1552.077 1550.012 1547.999 1546.002 1544.022
-9999 -9999 -9999 -9999 -9999 -9999 -9999 -9999 -9999 -9999 -9999 -9999 -9999 -9999 -9999 -9999 -9999 -9999 -9999 -9999 -9999 -9999 -9999 -9999 -9999 -9999 -9999 -9999 -9999 -9999 -9999 -9999 -9999 -9999 -9999 -9999 -9999 -9999 -9999 -9999 -9999 -9999 -9999 -9999 1584.571 1581.863 1579.614 1577.173 1574.751 1572.41 1570.254 1568.825 1567.139 1565.259 1563.346 1561.567 1559.993 1558.26 1556.371 1554.338 1552.198 1550.003 1547.808 1545.62 1543.467
-9999 -9999 -9999 -9999 -9999 -9999 -9999 -9999 -9999 -9999 -9999 -9999 -9999 -9999 -9999 -9999 -9999 -9999 -9999 -9999 -9999 -9999 -9999 -9999 -9999 -9999 -9999 -9999 -9999 -9999 -9999 -9999 -9999 -9999 -9999 -9999 -9999 -9999 -9999 -9999 -9999 -9999 -9999 1589.382 1586.13 1583.152 1580.443 1578.216 1575.822 1573.45 1571.341 1569.784 1567.957 1565.976 1563.916 1561.892 1560.019 1558.431 1556.615 1554.548 1552.316 1549.993 1547.611 1545.201 1542.763
-9999 -9999 -9999 -9999 -9999 -9999 -9999 -9999 -9999 -9999 -9999 -9999 -9999 -9999 -9999 -9999 -9999 -9999 -9999 -9999 -9999 -9999 -9999 -9999 -9999 -9999 -9999 -9999 -9999 -9999 -9999 -9999 -9999 -9999 -9999 -9999 -9999 -9999 -9999 -9999 -9999 -9999 1594.558 1590.717 1587.642 1584.658 1581.907 1579.576 1577.051 1574.586 1572.287 1570.26 1568.696 1566.721 1564.554 1562.348 1560.249 1558.861 1556.994 1554.802 1552.439 1549.992 1547.482 1544.959 1542.449
-9999 -9999 -9999 -9999 -9999 -9999 -9999 -9999 -9999 -9999 -9999 -9999 -9999 -9999 -9999 -9999 -9999 -9999 -9999 -9999 -9999 -9999 -9999 -9999 -9999 -9999 -9999 -9999 -9999 -9999 -9999 -9999 -9999 -9999 -9999 -9999 -9999 -9999 -9999 -9999 1605.204 1600.299 1596.075 1592.411 1589.348 1586.218 1583.24 1580.476 1578.194 1575.788 1573.442 1571.373 1569.722 1567.556 1565.343 1563.195 1561.274 1559.752 1557.487 1555.053 1552.539 1549.995 1547.421 1544.863 1542.361
-9999 -9999 -9999 -9999 -9999 -9999 -9999 -9999 -9999 -9999 -9999 -9999 -9999 -9999 -9999 -9999 -9999 -9999 -9999 -9999 -9999 -9999 -9999 -9999 -9999 -9999 -9999 -9999 -9999 -9999 -9999 -9999 -9999 -9999 -9999 -9999 -9999 -9999 -9999 1611.013 1606.526 1601.624 1597.622 1593.956 1590.609 1587.717 1584.778 1581.99 1579.594 1577.04 1574.509 1572.134 1570.022 1568.076 1566.01 1563.904 1561.897 1559.981 1557.623 1555.13 1552.555 1549.984 1547.409 1544.856 1542.351
-9999 -9999 -9999 -9999 -9999 -9999 -9999 -9999 -9999 -9999 -9999 -9999 -9999 -9999 -9999 -9999 -9999 -9999 -9999 -9999 -9999 -9999 -9999 -9999 -9999 -9999 -9999 -9999 -9999 -9999 -9999 -9999 -9999 -9999 -9999 -9999 -9999 -9999 1616.17 1612.265 1608.42 1603.678 1599.514 1595.781 1592.412 1589.434 1586.355 1583.34 1580.507 1578.148 1575.515 1572.854 1570.373 1568.679 1566.648 1564.442 1562.218 1559.994 1557.591 1555.088 1552.513 1549.966 1547.482 1544.977 1542.448
-9999 -9999 -9999 -9999 -9999 -9999 -9999 -9999 -9999 -9999 -9999 -9999 -9999 -9999 -9999 -9999 -9999 -9999 -9999 -9999 -9999 -9999 -9999 -9999 -9999 -9999 -9999 -9999 -9999 -9999 -9999 -9999 -9999 1633.381 1630.119 1627.11 1623.717 1620.054 1616.479 1612.974 1609.406 1605.041 1600.875 1597.438 1593.966 1590.649 1587.807 1584.789 1581.929 1579.48 1576.633 1573.906 1571.509 1569.68 1567.346 1564.903 1562.425 1559.983 1557.595 1555.125 1552.552 1550.014 1547.767 1545.377 1542.845
-9999 -9999 -9999 -9999 -9999 -9999 -9999 -9999 -9999 -9999 -9999 -9999 -9999 -9999 -9999 -9999 -9999 -9999 -9999 -9999 -9999 -9999 -9999 -9999 -9999 -9999 -9999 -9999 -9999 -9999 -9999 -9999 1636.83 1633.704 1630.54 1627.725 1624.08 1620.149 1616.628 1613.244 1609.807 1606.022 1602.372 1599.137 1595.55 1592.222 1589.323 1586.048 1582.912 1580.048 1577.418 1574.782 1572.27 1570.01 1567.793 1565.312 1562.656 1560.044 1557.82 1555.453 1552.907 1550.364 1548.471 1546.179 1543.747
-9999 -9999 -9999 -9999 -9999 -9999 -9999 -9999 -9999 -9999 -9999 -9999 -9999 -9999 -9999 -9999 -9999 -9999 -9999 -9999 -9999 -9999 -9999 -9999 -9999 -9999 1654.852 1650.435 1647.51 1644.977 1642.478 1639.917 1637.152 1634.375 1631.66 1628.938 1624.765 1620.429 1616.914 1613.516 1610.073 1606.767 1603.394 1599.998 1596.607 1593.24 1590.026 1586.913 1583.718 1580.616 1578.278 1575.667 1572.989 1570.419 1568.445 1565.938 1563.157 1560.429 1558.495 1556.212 1553.785 1551.509 1549.629 1547.086 1544.536
-9999 -9999 -9999 -9999 -9999 -9999 -9999 -9999 -9999 -9999 -9999 -9999 -9999 -9999 -9999 -9999 -9999 -9999 -9999 -9999 -9999 -9999 -9999 -9999 1663.494 1659.554 1654.831 1650.411 1647.46 1644.905 1642.419 1639.948 1637.387 1634.865 1632.332 1629.509 1625.383 1621.064 1617.736 1614.334 1610.837 1607.894 1604.629 1600.958 1597.703 1594.233 1590.772 1587.952 1584.863 1581.926 1579.523 1576.706 1574.008 1571.594 1569.581 1566.836 1564.065 1561.585 1559.636 1557.1 1554.567 1552.2 1549.986 1547.477 1544.92
-9999 -9999 -9999 -9999 -9999 -9999 -9999 -9999 -9999 -9999 -9999 -9999 -9999 -9999 -9999 -9999 -9999 -9999 -9999 -9999 -9999 -9999 -9999 1666.901 1663.48 1659.643 1655.152 1650.915 1648.075 1645.304 1642.571 1639.961 1637.505 1635.132 1632.629 1629.778 1626.15 1622.453 1619.307 1616.017 1612.815 1609.891 1606.662 1602.87 1599.308 1595.641 1592.241 1589.314 1585.9 1582.729 1579.975 1577.306 1574.717 1572.271 1569.954 1567.295 1564.639 1562.196 1559.979 1557.493 1554.959 1552.479 1550.037 1547.55 1545.02
-9999 -9999 -9999 -9999 -9999 -9999 -9999 -9999 1695.851 1694.431 1692.959 1691.472 1690 1688.544 1687.041 1685.448 -9999 -9999 -9999 -9999 -9999 1672.882 1670 1666.861 1663.467 1659.812 1655.823 1652.15 1649.287 1646.073 1642.947 1640.046 1637.674 1635.463 1632.907 1629.997 1626.911 1623.678 1620.544 1617.748 1614.839 1611.914 1608.721 1604.457 1600.316 1596.709 1593.205 1589.862 1586.362 1583.066 1580.119 1577.702 1575.186 1572.591 1570.014 1567.422 1564.857 1562.388 1560.012 1557.584 1555.091 1552.561 1550.022 1547.513 1544.999
1705.718 1704.326 1702.944 1701.667 1700.63 1699.951 1698.781 1697.491 1696.114 1694.655 1693.132 1691.573 1690.001 1688.426 1686.825 1685.189 1683.524 1681.825 1680.012 1677.924 1675.54 1672.892 1669.989 1666.821 1663.442 1659.934 1656.392 1653 1649.917 1646.825 1643.639 1640.583 1638.477 1636.306 1633.629 1630.597 1627.997 1625.161 1622.265 1619.533 1616.55 1613.303 1609.696 1605.41 1601.145 1597.685 1593.877 1590.076 1586.592 1583.382 1580.466 1578.337 1575.71 1572.841 1570.023 1567.474 1564.963 1562.448 1559.989 1557.619 1555.164 1552.601 1550.004 1547.451 1544.941
1706.061 1704.698 1703.327 1702.038 1700.927 1700.001 1698.931 1697.72 1696.369 1694.893 1693.318 1691.678 1690.001 1688.302 1686.588 1684.873 1683.195 1681.594 1679.996 1677.914 1675.511 1672.865 1669.983 1666.839 1663.494 1660.102 1657.013 1653.821 1650.625 1647.932 1644.976 1642.191 1640.003 1637.828 1635.069 1632.141 1629.548 1626.761 1623.797 1620.719 1617.838 1614.212 1610.185 1606.189 1602.387 1598.913 1594.53 1590.28 1586.936 1584.058 1581.558 1579.45 1576.385 1573.159 1570.116 1567.701 1565.228 1562.623 1560.044 1557.801 1555.35 1552.694 1549.997 1547.389 1544.873
1706.474 1705.139 1703.74 1702.368 1701.102 1699.996 1699.05 1697.956 1696.649 1695.154 1693.517 1691.787 1689.999 1688.175 1686.331 1684.489 1682.703 1681.095 1679.796 1677.698 1675.324 1672.761 1669.999 1667 1663.813 1660.606 1658.043 1655.077 1652.07 1649.428 1646.412 1643.728 1641.532 1639.45 1636.492 1633.453 1630.591 1628.198 1625.313 1622.246 1619.155 1614.905 1610.455 1606.619 1603.051 1599.45 1594.918 1590.521 1587.424 1584.739 1582.266 1579.855 1576.78 1573.55 1570.508 1568.376 1565.886 1563.166 1560.447 1558.383 1555.779 1552.886 1550.006 1547.339 1544.816
1707.038 1705.679 1704.233 1702.77 1701.35 1700.061 1699.324 1698.308 1697 1695.452 1693.731 1691.898 1689.999 1688.062 1686.098 1684.113 1682.119 1680.194 1678.878 1677.057 1674.892 1672.539 1670.029 1667.306 1664.486 1661.8 1659.436 1656.262 1653.031 1650.028 1647.162 1644.582 1642.284 1639.99 1637.281 1634.497 1631.906 1629.555 1626.319 1622.945 1619.543 1615.073 1610.502 1606.757 1603.288 1599.674 1595.324 1591.082 1588.232 1585.451 1582.717 1579.991 1577.07 1574.178 1571.602 1569.569 1566.876 1564.162 1561.656 1559.484 1556.394 1553.133 1550.034 1547.355 1544.829
1707.678 1706.299 1704.833 1703.352 1701.942 1700.741 1699.938 1698.813 1697.421 1695.775 1693.948 1692.006 1690.002 1687.986 1685.955 1683.925 1681.923 1680.01 1678.336 1676.436 1674.33 1672.167 1669.998 1667.469 1664.868 1662.387 1659.937 1656.797 1653.425 1650.171 1647.394 1644.877 1642.505 1640.079 1637.519 1634.866 1632.32 1629.793 1626.244 1622.522 1619.094 1614.749 1610.378 1606.747 1603.354 1599.863 1595.986 1592.325 1589.423 1586.182 1583.042 1580.05 1577.236 1574.58 1572.168 1569.961 1567.408 1564.817 1562.338 1559.868 1556.687 1553.308 1550.115 1547.57 1545.043
1708.264 1706.929 1705.485 1704.016 1702.591 1701.27 1700.085 1699.22 1697.82 1696.072 1694.136 1692.099 1690.01 1687.938 1685.865 1683.832 1681.885 1680 1678.017 1675.864 1673.624 1671.49 1669.687 1667.215 1664.698 1662.319 1659.96 1656.889 1653.499 1650.169 1647.391 1644.873 1642.482 1640.047 1637.394 1634.58 1631.818 1629.191 1625.318 1621.171 1617.83 1614.057 1610.167 1606.695 1603.362 1599.972 1596.431 1593.02 1589.883 1586.496 1583.166 1580.054 1577.304 1574.752 1572.349 1570.014 1567.557 1565.052 1562.55 1559.938 1556.856 1553.599 1550.493 1548.234 1545.647
1708.828 1707.529 1706.136 1704.712 1703.319 1702.019 1700.874 1699.901 1698.217 1696.289 1694.247 1692.152 1690.019 1687.888 1685.743 1683.669 1681.76 1679.968 1677.721 1675.283 1672.796 1670.378 1668.586 1666.348 1663.932 1661.627 1659.599 1656.657 1653.393 1650.127 1647.282 1644.671 1642.259 1639.924 1637.041 1633.893 1630.657 1627.869 1624.293 1620.381 1617.019 1613.559 1610.044 1606.684 1603.368 1600.015 1596.624 1593.273 1589.977 1586.541 1583.158 1580.035 1577.37 1574.86 1572.405 1569.987 1567.538 1565.064 1562.55 1559.947 1557.124 1554.245 1551.588 1549.445 1546.634
1709.123 1708.01 1706.726 1705.361 1703.984 1702.645 1701.351 1700.007 1698.261 1696.275 1694.198 1692.118 1690.022 1687.806 1685.516 1683.287 1681.291 1679.675 1677.242 1674.685 1672.235 1670.008 1667.823 1665.432 1662.916 1660.429 1658.555 1656.063 1653.145 1650.061 1647.088 1644.238 1641.656 1639.493 1636.513 1633.351 1630.17 1627.152 1623.739 1620.098 1616.661 1613.294 1610.007 1606.705 1603.384 1600.029 1596.679 1593.327 1589.969 1586.532 1583.166 1580.076 1577.577 1575.086 1572.506 1569.966 1567.528 1565.085 1562.568 1559.997 1557.488 1554.888 1552.313 1549.917 1547.383
1709.435 1708.469 1707.261 1705.926 1704.531 1703.105 1701.627 1700.008 1698.135 1696.062 1693.939 1691.913 1689.979 1687.65 1685.18 1682.703 1680.321 1678.579 1676.323 1673.848 1671.515 1669.621 1667.156 1664.641 1662.227 1660.034 1657.943 1655.554 1652.884 1649.998 1646.85 1643.629 1640.554 1638.277 1635.588 1632.74 1629.925 1626.794 1623.456 1619.987 1616.398 1612.996 1609.918 1606.661 1603.363 1600.028 1596.68 1593.317 1589.968 1586.621 1583.393 1580.436 1578.276 1575.639 1572.793 1570.039 1567.723 1565.371 1562.884 1560.324 1558.132 1555.708 1553.04 1550.382 1548.269
1709.967 1708.938 1707.732 1706.393 1704.958 1703.439 1701.809 1699.999 1697.949 1695.712 1693.436 1691.354 1689.686 1687.297 1684.81 1682.375 1680.044 1677.89 1675.478 1672.907 1670.388 1668.478 1666.168 1663.727 1661.47 1659.693 1657.412 1655.001 1652.505 1649.88 1646.634 1643.29 1640.139 1637.437 1634.633 1631.859 1629.404 1626.24 1622.991 1619.697 1615.84 1612.269 1609.493 1606.381 1603.229 1600.001 1596.659 1593.29 1589.997 1586.856 1583.97 1581.48 1579.45 1576.481 1573.376 1570.447 1568.379 1566.14 1563.792 1561.503 1559.505 1556.945 1554.287 1551.732 1549.685
1710 1709.169 1708.071 1706.747 1705.269 1703.671 1701.932 1699.992 1697.781 1695.346 1692.796 1690.329 1688.617 1686.519 1684.249 1682.038 1679.94 1677.465 1674.848 1672.304 1669.995 1667.716 1665.269 1662.76 1660.355 1658.621 1656.496 1654.137 1651.727 1649.398 1646.137 1642.879 1639.917 1636.863 1633.722 1630.583 1628.059 1625.097 1621.969 1618.883 1614.793 1610.911 1608.37 1605.763 1602.964 1599.942 1596.617 1593.242 1590.012 1587.065 1584.4 1582.041 1579.864 1577.119 1574.264 1571.641 1569.598 1567.265 1564.917 1562.56 1560.274 1558.144 1555.783 1553.273 1550.921
1710.033 1709.434 1708.378 1707.011 1705.465 1703.799 1702 1699.998 1697.707 1695.183 1692.559 1690.039 1687.963 1685.794 1683.538 1681.401 1679.578 1676.9 1674.124 1671.588 1669.594 1667.071 1664.534 1662.141 1660.001 1657.904 1655.603 1653.112 1650.475 1648.071 1645.037 1641.982 1639.446 1636.37 1633.216 1630.071 1627.14 1623.958 1620.574 1617.442 1613.76 1610.219 1607.733 1605.357 1602.772 1599.89 1596.564 1593.18 1590.01 1587.245 1584.695 1582.302 1579.988 1577.645 1575.142 1572.657 1570.347 1568.379 1566.214 1563.854 1561.57 1559.65 1557.733 1555.638 1553.67
