auxillary_inputs/rock_till/sew/bdrx_24.txt
ncols         436
nrows         413
xllcorner     1121548.2005005
yllcorner     886503.6505127
cellsize      24
NODATA_value  -9999
[rows 145 to 173 of 413, columns 130 to 194 of 436]
1710.594 1709.955 1708.683 1707.166 1705.517 1703.789 1701.985 1700.012 1697.7 1695.154 1692.542 1690.006 1687.645 1685.253 1682.79 1680.342 1678.436 1675.952 1673.174 1670.433 1668.457 1666.136 1663.688 1661.425 1659.643 1657.27 1654.818 1652.376 1649.942 1647.123 1643.891 1640.639 1638.312 1635.705 1632.882 1629.914 1626.74 1623.402 1620.004 1616.727 1613.302 1610.079 1607.686 1605.341 1602.75 1599.869 1596.536 1593.164 1590.052 1587.553 1585.143 1582.715 1580.308 1578.417 1576.233 1573.99 1571.857 1569.931 1567.795 1565.288 1562.79 1560.593 1559.661 1558.12 1556.618
1710.898 1710.004 1708.7 1707.113 1705.372 1703.578 1701.803 1699.984 1697.636 1695.075 1692.516 1690.023 1687.506 1684.964 1682.458 1680.042 1677.787 1675.278 1672.631 1670.06 1667.794 1665.375 1662.831 1660.343 1658.531 1656.308 1653.889 1651.54 1649.464 1646.485 1643.255 1640.138 1637.709 1635.282 1632.696 1629.882 1626.638 1623.248 1619.907 1616.705 1613.503 1610.455 1608.187 1605.707 1602.894 1599.889 1596.619 1593.38 1590.41 1588.333 1586.056 1583.693 1581.459 1579.649 1577.511 1575.441 1573.439 1571.496 1569.464 1566.9 1564.521 1562.577 1561.402 1560.171 1559.226
1711.052 1710 1708.607 1706.925 1705.052 1703.112 1701.271 1699.694 1697.279 1694.722 1692.272 1689.965 1687.333 1684.682 1682.208 1679.943 1677.404 1674.779 1672.26 1669.952 1667.468 1664.93 1662.426 1660.038 1657.87 1655.495 1652.945 1650.384 1648.374 1645.78 1642.873 1640.014 1637.515 1635.108 1632.615 1629.891 1626.68 1623.316 1620.058 1617.225 1614.383 1611.698 1609.409 1606.333 1603.13 1599.957 1596.907 1594.038 1591.52 1589.592 1587.26 1584.853 1582.491 1580.31 1578.596 1576.847 1574.951 1572.836 1570.46 1568.319 1566.291 1564.533 1563.119 1561.717 1560.237
1711.137 1709.996 1708.509 1706.719 1704.69 1702.497 1700.275 1698.603 1696.402 1693.943 1691.574 1689.572 1686.847 1684.095 1681.599 1679.559 1676.832 1674.089 1671.608 1669.616 1667.037 1664.48 1662.115 1659.952 1657.52 1654.982 1652.459 1650.047 1647.844 1645.363 1642.677 1639.999 1637.486 1635.056 1632.581 1629.92 1626.846 1623.634 1620.528 1618.145 1615.398 1612.588 1609.858 1606.687 1603.345 1600.091 1597.377 1594.826 1592.439 1590.271 1588.352 1586.109 1583.804 1581.683 1579.977 1578.39 1576.65 1574.6 1572.298 1570.103 1568.157 1566.41 1564.775 1563.144 1561.466
1711.181 1709.995 1708.456 1706.61 1704.521 1702.273 1700.005 1697.936 1695.618 1693.038 1690.404 1688.392 1685.909 1683.177 1680.448 1678.362 1675.82 1673.09 1670.444 1668.479 1666.141 1663.709 1661.473 1659.625 1657.06 1654.469 1652.087 1649.968 1647.649 1645.167 1642.586 1640.004 1637.495 1635.034 1632.554 1629.964 1627.136 1624.292 1621.667 1619.432 1616.367 1613.204 1610.092 1607.093 1603.83 1600.581 1598.234 1595.891 1593.597 1591.488 1589.654 1587.417 1585.148 1583.026 1581.236 1579.801 1578.381 1576.543 1574.351 1572.118 1570.046 1568.178 1566.257 1564.268 1562.191
1711.195 1709.996 1708.45 1706.598 1704.51 1702.269 1699.974 1697.636 1695.223 1692.641 1690.038 1687.716 1685.232 1682.632 1680.049 1677.614 1674.998 1672.386 1669.999 1667.683 1665.24 1662.76 1660.361 1658.506 1656.157 1653.663 1651.417 1649.708 1647.401 1644.976 1642.5 1640.003 1637.502 1635.005 1632.509 1629.984 1627.37 1624.768 1622.283 1619.877 1616.895 1613.73 1610.576 1607.984 1604.936 1601.948 1599.591 1597.17 1594.785 1592.481 1590.301 1588.471 1586.362 1584.198 1582.144 1580.344 1579.815 1578.342 1576.248 1573.963 1571.741 1569.701 1567.501 1565.16 1562.663
1711.183 1709.999 1708.473 1706.635 1704.559 1702.325 1699.998 1697.598 1695.121 1692.569 1689.985 1687.396 1684.778 1682.256 1679.886 1677.114 1674.261 1671.631 1669.55 1666.976 1664.449 1662.105 1659.989 1657.795 1655.333 1652.751 1650.32 1648.745 1646.827 1644.666 1642.37 1639.988 1637.5 1634.978 1632.46 1629.981 1627.542 1625.05 1622.524 1619.979 1617.273 1614.458 1611.738 1609.342 1606.165 1603.094 1600.416 1598.319 1595.969 1593.62 1591.474 1589.7 1587.603 1585.492 1583.505 1581.869 1580.96 1579.748 1577.739 1575.404 1572.934 1570.462 1568.46 1565.99 1563.249
1711.138 1710.004 1708.497 1706.657 1704.588 1702.366 1700.024 1697.597 1695.089 1692.557 1689.978 1687.137 1684.257 1681.622 1679.464 1676.502 1673.417 1670.472 1668.34 1665.949 1663.524 1661.354 1659.655 1657.286 1654.781 1652.287 1650.018 1648.256 1646.422 1644.406 1642.246 1639.971 1637.519 1635.002 1632.474 1630.018 1627.807 1625.367 1622.728 1620.06 1617.656 1615.079 1612.439 1609.869 1606.954 1604.118 1601.62 1599.585 1597.071 1594.627 1592.343 1590.261 1588.607 1586.732 1584.863 1583.196 1581.795 1580.219 1578.715 1576.546 1574.105 1571.721 1569.63 1566.917 1564.167
1711.02 1710.005 1708.468 1706.584 1704.511 1702.333 1700.033 1697.531 1694.924 1692.377 1689.877 1686.79 1683.567 1680.517 1678.325 1675.707 1672.854 1670.041 1667.598 1665.11 1662.605 1660.271 1658.648 1656.619 1654.354 1652.063 1649.966 1648.118 1646.279 1644.29 1642.169 1639.964 1637.6 1635.176 1632.717 1630.31 1628.438 1625.975 1623.21 1620.439 1618.326 1615.739 1612.909 1610.075 1607.483 1604.865 1602.326 1599.996 1597.763 1595.51 1593.317 1591.34 1589.761 1587.916 1586.101 1584.385 1582.798 1581.247 1579.758 1577.425 1574.899 1572.405 1569.999 1567.365 1564.729
1710.711 1709.904 1708.252 1706.291 1704.206 1702.106 1699.96 1697.285 1694.449 1691.761 1689.45 1686.322 1683.113 1680.123 1677.724 1675.225 1672.589 1669.941 1667.306 1664.708 1662.21 1659.978 1658.149 1656.272 1654.175 1652.007 1649.987 1648.279 1646.421 1644.356 1642.168 1639.969 1637.78 1635.569 1633.372 1631.333 1629.571 1626.865 1624.105 1621.578 1619.48 1616.61 1613.56 1610.537 1608.24 1605.704 1603.024 1600.41 1598.503 1596.418 1594.261 1592.163 1590.234 1588.784 1587.123 1585.365 1583.596 1581.826 1579.994 1577.723 1575.219 1572.634 1570.045 1567.468 1564.913
1710.064 1709.166 1707.632 1705.684 1703.565 1701.477 1699.577 1696.738 1693.651 1690.59 1688.268 1685.53 1682.693 1680.02 1677.539 1675.04 1672.496 1669.938 1667.262 1664.632 1662.152 1659.981 1658.253 1656.415 1654.375 1652.242 1650.203 1648.766 1646.856 1644.637 1642.29 1640.015 1638.081 1636.063 1633.972 1631.924 1629.901 1627.315 1624.751 1622.284 1619.942 1617.372 1614.591 1611.853 1609.548 1606.918 1604.208 1601.672 1599.679 1597.507 1595.337 1593.223 1591.31 1589.811 1588.069 1586.18 1584.183 1582.121 1580.006 1577.78 1575.315 1572.678 1570.012 1567.436 1564.911
1709.996 1708.729 1707.024 1704.967 1702.708 1700.371 1698.453 1695.895 1693.018 1690.115 1687.489 1684.787 1682.224 1679.955 1677.482 1674.964 1672.449 1669.952 1667.357 1664.803 1662.374 1660.209 1658.776 1656.978 1654.972 1652.956 1651.149 1649.726 1647.545 1645.146 1642.665 1640.295 1638.672 1636.693 1634.513 1632.26 1629.961 1627.541 1625.33 1622.906 1620.395 1618.266 1615.742 1613.043 1610.423 1608.102 1605.434 1602.769 1600.359 1598.487 1596.425 1594.274 1592.176 1590.251 1588.793 1586.865 1584.672 1582.358 1580.036 1577.92 1575.467 1572.741 1569.988 1567.422 1564.906
1709.996 1708.44 1706.498 1704.335 1702.129 1699.994 1697.708 1695.135 1692.476 1689.873 1686.923 1684.01 1681.49 1679.678 1677.313 1674.856 1672.384 1669.964 1667.574 1665.228 1663.013 1661.131 1659.757 1657.765 1655.7 1653.663 1651.75 1649.985 1648.038 1645.783 1643.442 1641.318 1639.695 1637.471 1635.13 1632.722 1630.315 1628.421 1626.317 1623.999 1621.669 1619.6 1617.087 1614.401 1611.799 1609.491 1606.705 1604.02 1601.631 1599.711 1597.589 1595.384 1593.225 1591.308 1589.756 1587.555 1585.198 1582.76 1580.335 1578.449 1575.902 1572.983 1570.068 1567.6 1565.081
1709.869 1708.066 1705.921 1703.634 1701.437 1699.574 1696.978 1694.256 1691.657 1689.363 1686.262 1683.142 1680.36 1678.742 1676.953 1674.745 1672.354 1670.004 1667.934 1665.796 1663.659 1661.695 1659.989 1658.254 1656.352 1654.334 1652.279 1650.25 1648.65 1646.493 1644.177 1641.97 1639.993 1638.003 1635.822 1633.557 1631.417 1629.673 1627.53 1625.197 1622.786 1620.399 1618.233 1615.536 1612.715 1610.046 1607.575 1605.06 1602.61 1600.348 1598.553 1596.349 1594.052 1591.912 1589.99 1587.925 1585.73 1583.489 1581.377 1579.53 1576.658 1573.54 1570.499 1568.232 1565.643
1709.062 1707.383 1705.238 1702.822 1700.342 1698.387 1695.924 1693.175 1690.401 1688.102 1685.563 1682.783 1680.256 1678.895 1677.124 1674.96 1672.598 1670.274 1668.6 1666.557 1664.371 1662.219 1660.217 1658.823 1657.094 1655.148 1653.142 1651.259 1649.662 1647.266 1644.89 1642.557 1640.316 1638.649 1636.609 1634.42 1632.273 1630.266 1628.55 1626.348 1623.984 1621.676 1619.512 1616.536 1613.467 1610.551 1608.463 1606.09 1603.69 1601.516 1599.675 1597.173 1594.632 1592.225 1590.042 1588.219 1586.223 1584.089 1581.977 1579.898 1577.241 1574.4 1571.685 1569.43 1566.598
1708.627 1706.886 1704.777 1702.427 1700.006 1697.727 1695.226 1692.573 1690.001 1687.785 1685.494 1683.14 1681.107 1679.756 1677.744 1675.546 1673.308 1671.27 1669.689 1667.486 1665.248 1663.102 1661.21 1659.792 1657.991 1656.024 1653.963 1651.92 1649.945 1647.715 1645.652 1643.501 1641.462 1639.704 1637.5 1635.321 1633.241 1631.349 1629.691 1627.333 1624.879 1622.409 1619.946 1617.13 1614.294 1611.705 1609.626 1607.013 1604.467 1602.143 1599.983 1597.527 1594.999 1592.534 1590.265 1588.753 1586.8 1584.583 1582.29 1580.006 1577.725 1575.225 1572.569 1569.959 1567.355
1708.435 1706.62 1704.547 1702.295 1699.953 1697.5 1694.952 1692.382 1689.984 1687.981 1685.874 1683.69 1681.679 1679.983 1678.203 1676.157 1673.977 1671.874 1669.989 1668.089 1666.061 1663.981 1661.999 1660.201 1658.745 1656.886 1654.778 1652.548 1650.304 1648.539 1646.569 1644.461 1642.351 1640.058 1638.069 1636.067 1634.029 1632.005 1630.009 1627.829 1625.421 1622.75 1620.038 1617.437 1614.836 1612.327 1609.972 1607.358 1604.767 1602.327 1600.017 1597.697 1595.37 1593.138 1591.192 1589.719 1587.514 1585.129 1582.678 1580.285 1578.472 1576.317 1573.658 1570.704 1568.364
1708.347 1706.488 1704.439 1702.253 1699.964 1697.501 1694.994 1692.528 1690.246 1688.627 1686.588 1684.369 1682.206 1680.221 1678.785 1676.852 1674.652 1672.398 1670.255 1668.736 1666.94 1664.957 1663.005 1661.235 1659.774 1657.862 1655.753 1653.552 1651.445 1649.708 1647.594 1645.291 1642.853 1640.363 1638.7 1636.851 1634.807 1632.618 1630.347 1628.479 1625.956 1623.051 1620.131 1617.736 1615.23 1612.622 1610.014 1607.371 1604.773 1602.299 1599.995 1597.86 1595.754 1593.677 1591.737 1589.97 1587.992 1585.763 1583.451 1581.319 1579.728 1577.964 1575.557 1572.746 1570.167
1708.296 1706.408 1704.37 1702.223 1699.983 1697.61 1695.259 1693.062 1691.18 1689.711 1687.466 1685.158 1683.005 1681.165 1679.759 1677.688 1675.47 1673.26 1671.271 1669.774 1667.944 1665.988 1664 1662.062 1660.221 1658.683 1656.739 1654.577 1652.381 1650.288 1648.504 1646.234 1643.785 1641.478 1639.757 1637.83 1635.76 1633.593 1631.478 1629.562 1626.701 1623.595 1620.56 1618.367 1615.727 1612.857 1610.008 1607.314 1604.725 1602.255 1600.002 1598.146 1596.262 1594.267 1592.239 1590.228 1588.607 1586.57 1584.374 1582.237 1580.401 1579.658 1577.714 1575.077 1572.422
1708.254 1706.342 1704.305 1702.182 1699.992 1697.719 1695.504 1693.453 1691.638 1689.977 1687.902 1685.716 1683.604 1681.687 1679.994 1678.231 1676.221 1674.095 1672.045 1670.204 1668.764 1666.988 1665.048 1663.1 1661.288 1659.76 1657.796 1655.66 1653.476 1651.426 1649.648 1647.226 1644.74 1642.37 1640.279 1638.676 1636.655 1634.43 1632.186 1629.944 1627.217 1624.38 1621.728 1619.471 1616.351 1613.098 1610.027 1607.366 1604.856 1602.432 1600.214 1598.734 1597.034 1595.138 1593.181 1591.292 1589.698 1587.646 1585.6 1583.658 1582.04 1581.023 1579.534 1577.069 1574.431
1708.214 1706.28 1704.237 1702.128 1699.985 1697.785 1695.663 1693.654 1691.779 1689.994 1688.115 1686.116 1684.075 1682.076 1680.193 1678.832 1677.019 1674.985 1672.982 1671.204 1669.797 1668.011 1666.092 1664.108 1662.138 1660.241 1658.652 1656.651 1654.419 1652.16 1650.01 1647.883 1645.615 1643.367 1641.363 1639.72 1637.463 1635.033 1632.536 1630.026 1627.468 1624.887 1622.375 1619.855 1616.629 1613.245 1610.106 1607.682 1605.355 1603.108 1601.157 1599.776 1598.047 1596.232 1594.302 1592.288 1590.288 1588.632 1586.912 1585.135 1583.491 1582.019 1580.257 1578.375 1575.941
1708.186 1706.244 1704.191 1702.077 1699.965 1697.835 1695.819 1693.822 1691.859 1689.999 1688.363 1686.562 1684.644 1682.749 1681.073 1679.795 1677.873 1675.846 1673.838 1671.935 1670.188 1668.811 1667.077 1665.154 1663.192 1661.339 1659.745 1657.674 1655.327 1652.833 1650.377 1648.592 1646.46 1644.211 1642.043 1640.011 1637.904 1635.434 1632.732 1630.031 1627.583 1625.143 1622.625 1619.933 1616.759 1613.475 1610.45 1608.413 1606.179 1603.938 1601.889 1600.156 1598.871 1597.402 1595.648 1593.686 1591.716 1590.007 1588.372 1586.583 1584.831 1583.145 1581.406 1579.676 1577.335
1708.206 1706.295 1704.236 1702.09 1699.962 1697.953 1696.145 1694.168 1692.131 1690.184 1688.871 1687.166 1685.276 1683.361 1681.575 1679.995 1678.379 1676.584 1674.693 1672.834 1671.155 1669.812 1668.074 1666.183 1664.201 1662.209 1660.262 1658.56 1656.299 1653.828 1651.503 1649.667 1647.349 1644.993 1642.647 1640.339 1638.484 1635.938 1633.016 1630.116 1627.8 1625.373 1622.752 1619.959 1616.939 1613.993 1611.452 1609.594 1607.204 1604.912 1602.827 1601.079 1599.875 1598.7 1597.131 1595.218 1593.222 1591.388 1589.738 1587.849 1586.001 1584.163 1582.261 1580.282 1578.472
1708.365 1706.536 1704.499 1702.341 1700.223 1698.678 1696.846 1694.84 1692.847 1691.092 1689.802 1687.914 1685.95 1683.96 1682.006 1680.174 1678.927 1677.347 1675.556 1673.698 1671.881 1670.182 1668.844 1667.139 1665.213 1663.23 1661.347 1659.671 1657.267 1654.723 1652.249 1650.021 1647.948 1645.757 1643.526 1641.417 1639.552 1636.707 1633.599 1630.558 1628.379 1625.772 1622.906 1619.98 1617.093 1614.381 1611.982 1609.953 1607.906 1605.857 1603.817 1601.891 1600.272 1599.872 1598.562 1596.65 1594.528 1592.391 1590.308 1588.737 1586.995 1585.139 1583.228 1581.365 1579.672
1708.842 1707.065 1705.063 1703.016 1701.167 1699.742 1697.712 1695.605 1693.538 1691.64 1689.994 1688.358 1686.579 1684.674 1682.774 1681.078 1679.836 1678.228 1676.474 1674.634 1672.812 1671.153 1669.823 1668.099 1666.158 1664.097 1662.026 1660.004 1657.881 1655.473 1652.914 1650.427 1648.64 1646.522 1644.273 1642.073 1639.924 1637.304 1634.484 1631.771 1629.457 1626.33 1623.092 1620.007 1617.274 1614.76 1612.413 1610.254 1608.684 1606.994 1605.133 1603.319 1601.831 1601 1599.786 1597.869 1595.73 1593.557 1591.503 1589.795 1587.962 1586.038 1584.031 1582.004 1580.009
1709.779 1707.793 1705.719 1703.646 1701.711 1699.995 1698.244 1696.273 1694.185 1692.116 1690.193 1688.9 1687.303 1685.479 1683.585 1681.773 1680.156 1678.928 1677.353 1675.562 1673.7 1671.885 1670.189 1668.843 1666.995 1664.88 1662.63 1660.348 1658.6 1656.357 1653.927 1651.712 1649.708 1647.289 1644.853 1642.44 1640.053 1637.777 1635.21 1632.524 1629.84 1626.584 1623.219 1620.086 1617.652 1615.422 1613.313 1611.424 1609.955 1608.42 1606.628 1604.874 1603.321 1601.977 1600.247 1598.722 1596.753 1594.636 1592.489 1590.314 1588.75 1586.856 1584.763 1582.56 1580.329
1709.996 1708.232 1706.281 1704.207 1702.146 1700.208 1698.837 1697.01 1694.963 1692.926 1691.129 1689.829 1688.188 1686.376 1684.487 1682.666 1681.073 1679.851 1678.265 1676.483 1674.606 1672.773 1671.135 1669.799 1667.827 1665.721 1663.546 1661.463 1659.689 1657.233 1654.608 1652.2 1649.99 1647.674 1645.299 1642.854 1640.383 1638.44 1635.867 1632.964 1629.957 1626.786 1623.532 1620.47 1618.418 1616.402 1614.436 1612.644 1611.138 1609.755 1607.982 1606.292 1604.656 1603.039 1601.317 1599.772 1597.751 1595.64 1593.465 1591.391 1589.759 1587.697 1585.566 1583.426 1581.406
1710.247 1708.791 1706.925 1704.878 1702.873 1701.114 1699.786 1697.835 1695.769 1693.725 1691.827 1690.167 1688.911 1687.227 1685.355 1683.487 1681.737 1680.158 1678.96 1677.291 1675.405 1673.496 1671.682 1670.01 1668.297 1666.404 1664.283 1662.125 1659.983 1657.459 1654.834 1652.326 1650.023 1647.94 1645.823 1643.632 1641.487 1639.533 1636.571 1633.34 1630.122 1627.275 1624.373 1621.68 1619.669 1617.597 1615.601 1613.71 1611.937 1610.208 1608.9 1607.497 1605.853 1604.05 1602.141 1600.247 1598.652 1596.579 1594.299 1592.047 1590.027 1588.204 1586.214 1584.112 1582.03
1711.261 1709.747 1707.665 1705.552 1703.511 1701.64 1699.997 1698.337 1696.469 1694.512 1692.651 1691.059 1689.832 1688.044 1686.155 1684.279 1682.529 1681.027 1679.847 1678.03 1676.088 1674.115 1672.143 1670.224 1668.874 1667.011 1664.804 1662.454 1660.023 1657.463 1654.849 1652.32 1650.038 1648.274 1646.396 1644.33 1642.174 1639.907 1636.959 1633.75 1630.58 1628.169 1625.438 1622.725 1620.352 1618.613 1616.679 1614.749 1612.944 1611.317 1610.021 1608.729 1606.981 1605.034 1603.076 1601.276 1599.732 1597.465 1595.047 1592.617 1590.323 1588.778 1586.806 1584.594 1582.319
