auxillary_inputs/rock_till/sew/bdrx_24.txt
ncols         436
nrows         413
xllcorner     1121548.2005005
yllcorner     886503.6505127
cellsize      24
NODATA_value  -9999
[rows 203 to 231 of 413, columns 325 to 389 of 436]
1337.197 1331.714 1324.459 1316.291 1308.33 1302.033 1297.939 1295.231 1293.515 1292.484 1291.968 1291.737 1291.502 1290.994 1290.027 1288.524 1284.12 1278.558 1272.513 1267.452 1263.022 1259.08 1254.964 1250.739 1246.434 1241.812 1237.406 1232.849 1227.849 1221.931 1215.75 1209.15 1202.004 1194.728 1187.685 1181.226 1175.873 1171.383 1168.084 1165.156 1161.904 1157.658 1151.847 1145.816 1139.943 1134.558 1129.553 1124.257 1118.342 1111.868 1105.517 1099.37 1093.615 1088.154 1082.635 1076.89 1070.808 1064.345 1057.531 1050.512 1043.317 1035.865 1028.237 1020.566 1012.953
1339.106 1334.784 1328.075 1319.976 1311.813 1305.124 1299.934 1296.485 1294.297 1292.963 1292.191 1291.699 1291.199 1290.526 1289.669 1289.64 1286.502 1281.28 1275.482 1269.955 1265.185 1260.908 1257.089 1253.253 1249.408 1245.142 1240.61 1236.028 1231.067 1225.767 1220.042 1213.794 1206.975 1199.629 1192.259 1185.399 1179.347 1174.287 1170.375 1167.221 1163.956 1160.047 1155.056 1149.293 1143.165 1137.667 1132.672 1127.649 1121.759 1115.719 1109.534 1103.268 1097.733 1092.625 1087.335 1081.785 1075.867 1069.568 1062.951 1056.125 1049.132 1041.841 1034.317 1026.672 1018.918
1338.63 1336.376 1330.801 1323.291 1315.5 1308.308 1302.104 1297.97 1295.244 1293.518 1292.488 1291.837 1291.231 1290.705 1290.717 1290.681 1288.732 1284.145 1278.522 1272.586 1267.671 1263.283 1259.348 1255.605 1252.037 1248.311 1243.829 1239.223 1234.461 1229.556 1224.174 1218.147 1211.442 1204.459 1197.232 1189.915 1183.103 1177.521 1173.028 1169.38 1165.943 1162.354 1158.142 1152.787 1146.962 1140.864 1135.695 1130.765 1125.513 1119.923 1114.018 1107.951 1102.18 1097.32 1092.166 1086.814 1081.026 1074.827 1068.314 1061.584 1054.691 1047.623 1040.289 1032.813 1025.048
1336.376 1338.546 1333.8 1327.108 1319.391 1311.73 1305.058 1299.922 1296.472 1294.231 1292.931 1292.231 1291.636 1291.536 1291.702 1291.572 1290.045 1286.49 1281.304 1275.771 1270.524 1265.754 1261.236 1257.561 1254.086 1250.476 1246.481 1241.939 1237.552 1232.96 1227.91 1221.976 1215.798 1209.188 1202.026 1194.73 1187.674 1181.212 1175.87 1171.353 1167.834 1164.403 1160.483 1155.793 1150.174 1143.994 1138.868 1134.258 1129.408 1124.181 1118.527 1112.445 1106.741 1101.655 1096.885 1091.883 1086.19 1080.027 1073.548 1066.848 1059.963 1052.917 1046.012 1038.927 1031.247
1336.631 1339.154 1336.631 1330.979 1323.53 1315.756 1308.447 1302.194 1298.029 1295.131 1293.477 1292.648 1292.261 1292.307 1292.526 1292.436 1291.356 1288.793 1284.231 1278.959 1273.54 1268.448 1263.536 1259.529 1256.053 1252.767 1249.344 1245.245 1240.731 1236.128 1231.133 1225.822 1220.096 1213.844 1207.013 1199.653 1192.27 1185.402 1179.349 1174.266 1170.227 1166.729 1163.069 1158.968 1153.832 1147.951 1142.286 1137.732 1132.908 1128.06 1122.687 1117.122 1111.4 1106.39 1101.749 1096.976 1091.233 1085.071 1078.628 1071.995 1065.233 1058.406 1051.666 1044.966 1037.322
1337.786 1336.631 1338.926 1334.959 1328.293 1320.236 1312.238 1305.37 1300.169 1296.333 1294.303 1293.305 1292.929 1292.98 1293.186 1293.13 1292.289 1290.18 1286.519 1281.443 1276.017 1270.416 1265.352 1261.007 1257.752 1254.754 1251.745 1248.337 1243.929 1239.303 1234.523 1229.602 1224.213 1218.181 1211.467 1204.474 1197.237 1189.915 1183.106 1177.521 1172.979 1169.181 1165.499 1161.715 1157.243 1151.4 1145.636 1140.396 1135.69 1131.048 1126.236 1121.082 1115.913 1111.065 1106.638 1101.427 1095.836 1089.823 1083.487 1076.968 1070.354 1063.7 1057.039 1050.253 1042.913
1339.616 1333.174 1336.484 1337.997 1332.852 1324.953 1316.633 1308.823 1302.441 1298.156 1295.653 1294.322 1293.74 1293.644 1293.76 1293.729 1293.131 1291.58 1288.777 1284.108 1278.591 1272.538 1267.387 1262.966 1259.504 1256.459 1253.567 1250.366 1246.535 1242.011 1237.614 1233.003 1227.936 1221.992 1215.804 1209.183 1202.009 1194.706 1187.656 1181.207 1175.872 1171.321 1167.661 1164.058 1159.901 1154.718 1148.971 1143.248 1138.718 1134.484 1129.986 1125.208 1120.25 1115.374 1110.626 1105.608 1100.177 1094.32 1088.096 1081.709 1075.244 1068.714 1062.094 1055.295 1048.181
1342.59 1332.434 1334.336 1338.975 1336.787 1329.927 1321.48 1313.067 1305.985 1300.778 1297.603 1295.753 1294.758 1294.366 1294.304 1294.236 1293.779 1292.554 1290.192 1286.363 1281.061 1275.302 1269.75 1264.912 1260.888 1257.951 1255.273 1252.511 1249.351 1245.316 1240.784 1236.156 1231.142 1225.823 1220.086 1213.818 1206.97 1199.597 1192.218 1185.373 1179.359 1174.302 1170.203 1166.526 1162.607 1158.114 1152.61 1147.188 1142.442 1138.299 1133.812 1129.229 1124.315 1119.244 1114.357 1109.499 1104.253 1098.511 1092.404 1086.197 1079.903 1073.496 1066.918 1060.092 1052.995
1347.219 1336.08 1331.288 1336.684 1339.013 1333.976 1326.313 1317.86 1310.052 1304.073 1300.045 1297.534 1295.96 1295.165 1294.857 1294.689 1294.304 1293.356 1291.544 1288.573 1283.689 1278.153 1272.197 1267.146 1262.874 1259.614 1256.915 1254.43 1251.704 1248.373 1243.934 1239.268 1234.48 1229.574 1224.189 1218.146 1211.415 1204.409 1197.186 1189.913 1183.183 1177.691 1173.148 1169.17 1165.253 1161.249 1156.766 1151.499 1146.827 1141.855 1137.259 1132.677 1127.817 1122.358 1117.541 1112.84 1107.846 1102.07 1096.344 1090.457 1084.397 1078.158 1071.686 1064.951 1058.021
1351.292 1339.397 1331.288 1334.41 1339.041 1337.118 1330.495 1322.144 1313.93 1307.364 1302.594 1299.429 1297.224 1296.021 1295.453 1295.134 1294.72 1293.881 1292.313 1289.707 1285.621 1280.542 1275.003 1269.579 1264.847 1260.976 1258.384 1256.079 1253.468 1250.291 1246.376 1241.777 1237.444 1232.922 1227.914 1221.991 1215.807 1209.206 1202.082 1194.89 1187.996 1181.741 1176.492 1171.731 1167.765 1163.991 1159.924 1155.249 1150.409 1145.428 1140.515 1135.743 1130.701 1125.542 1120.575 1115.864 1110.92 1105.726 1100.287 1094.654 1088.815 1082.772 1076.42 1069.744 1062.817
1354.108 1342.065 1333.206 1331.287 1336.871 1339.084 1333.986 1326.389 1318.145 1310.693 1305.036 1300.9 1298.417 1296.974 1296.173 1295.66 1295.136 1294.3 1292.834 1290.457 1287.316 1282.882 1277.696 1271.865 1267.043 1263.054 1260.137 1257.777 1255.106 1252.168 1248.84 1244.671 1240.421 1236.033 1231.175 1225.952 1220.276 1214.117 1207.394 1200.241 1193.174 1186.667 1180.792 1175.37 1170.731 1166.811 1162.875 1158.568 1153.711 1148.739 1143.649 1138.741 1133.657 1128.66 1123.656 1118.959 1114.256 1109.501 1104.299 1098.797 1093.172 1087.383 1081.152 1074.476 1067.432
1355.776 1343.758 1334.18 1330.238 1335.017 1339.548 1336.96 1330.174 1321.985 1314.132 1307.978 1303.329 1300.177 1298.301 1297.162 1296.365 1295.674 1294.841 1293.597 1291.725 1289.113 1284.906 1279.742 1274.174 1269.199 1265.009 1261.863 1259.389 1256.483 1253.644 1250.571 1247.225 1243.391 1239.174 1234.683 1229.995 1224.762 1218.97 1212.507 1205.829 1199.056 1192.108 1185.703 1179.409 1174.142 1169.831 1165.723 1161.258 1156.535 1151.408 1146.334 1141.242 1136.343 1131.319 1126.482 1121.729 1117.491 1113.187 1108.167 1102.596 1097.433 1092.055 1085.937 1079.251 1072.12
1356.811 1344.975 1335.09 1330.169 1333.381 1338.214 1338.888 1333.396 1325.989 1318.284 1311.48 1306.278 1302.495 1300.005 1298.423 1297.235 1296.318 1295.452 1294.359 1292.746 1290.29 1286.624 1281.513 1276.079 1270.679 1266.403 1262.956 1260.046 1257.485 1255.03 1252.461 1249.657 1246.124 1241.813 1237.881 1233.835 1228.94 1223.516 1217.675 1211.283 1204.779 1197.373 1189.932 1183.042 1177.449 1172.925 1168.838 1164.51 1159.747 1154.617 1149.378 1144.361 1139.597 1134.745 1129.928 1125.305 1121.05 1117.069 1111.922 1106.843 1101.96 1096.898 1090.773 1084.107 1076.99
1357.639 1346.085 1336.173 1330.564 1332.081 1336.959 1339.879 1336.265 1329.619 1322.103 1315.19 1309.374 1304.905 1301.771 1299.727 1298.112 1296.976 1296.075 1295.121 1293.795 1291.772 1288.698 1283.824 1278.237 1272.297 1267.801 1264.036 1260.681 1258.448 1256.241 1253.97 1251.544 1248.675 1244.653 1240.818 1237.293 1232.371 1227.446 1222.096 1216.101 1209.472 1201.892 1194.132 1187.257 1181.037 1176.187 1171.746 1167.767 1162.945 1157.885 1152.431 1147.708 1143.128 1138.495 1133.675 1129.169 1125.001 1120.764 1116.077 1111.347 1106.83 1101.377 1095.433 1088.998 1082.099
1358.449 1347.232 1337.451 1331.327 1330.734 1335.428 1339.623 1338.149 1332.598 1325.752 1318.708 1312.188 1307.159 1303.294 1300.433 1298.785 1297.571 1296.658 1295.814 1294.713 1292.977 1290.172 1285.869 1280.226 1274.427 1269.533 1265.607 1262.111 1259.644 1257.257 1254.972 1252.574 1249.848 1246.556 1243.094 1239.632 1235.659 1231.23 1226.629 1220.711 1214.124 1206.808 1199.075 1191.879 1185.323 1180.291 1175.365 1170.673 1165.87 1160.908 1156.112 1151.602 1146.992 1142.219 1137.49 1133.004 1129.184 1125.006 1120.495 1115.963 1111.304 1105.875 1100.1 1093.984 1087.459
1359.24 1348.425 1338.735 1332.069 1330.132 1333.993 1338.533 1339.575 1335.439 1329.102 1322.009 1315.371 1309.679 1305.222 1301.931 1299.787 1298.243 1297.227 1296.44 1295.533 1294.112 1291.759 1288.047 1282.306 1276.409 1270.833 1266.534 1262.914 1260.061 1257.839 1255.622 1253.197 1250.494 1247.93 1244.797 1241.38 1238.51 1234.636 1230.272 1224.91 1218.601 1211.52 1204.264 1197.589 1191.095 1185.456 1179.52 1174.116 1169.118 1164.334 1160.089 1156.235 1151.46 1146.922 1141.994 1137.787 1133.588 1129.363 1124.922 1120.452 1115.972 1110.289 1104.756 1099.039 1093.048
1360.184 1349.83 1340.148 1332.936 1330.017 1332.953 1337.512 1339.976 1337.401 1331.894 1325.375 1318.611 1312.243 1307.346 1303.539 1300.505 1298.856 1297.764 1296.996 1296.235 1295.084 1293.109 1289.846 1284.807 1278.671 1272.426 1267.716 1263.757 1260.553 1258.531 1256.343 1254.012 1251.664 1249.482 1246.66 1243.58 1240.612 1237.418 1233.605 1228.854 1222.937 1216.597 1210.042 1203.367 1196.729 1190.106 1183.474 1177.663 1172.314 1167.533 1163.439 1159.733 1155.529 1151.069 1146.476 1142.037 1137.564 1133.13 1128.709 1124.2 1119.607 1114.241 1109.374 1104.057 1098.851
1361.589 1351.704 1341.833 1333.954 1330.086 1332.136 1336.49 1339.826 1338.897 1334.632 1328.634 1321.808 1315.365 1309.881 1305.722 1302.1 1299.823 1298.38 1297.509 1296.822 1295.89 1294.266 1291.513 1287.211 1280.829 1274.574 1269.334 1265.03 1261.808 1259.614 1257.104 1254.703 1252.438 1250.279 1248.224 1245.636 1242.895 1239.994 1236.637 1232.469 1227.472 1221.597 1215.578 1208.678 1201.642 1194.826 1188.135 1181.885 1176.413 1170.792 1166.414 1162.769 1159.185 1155.146 1150.74 1146.421 1141.17 1136.258 1131.484 1127.331 1123.265 1118.939 1114.545 1109.875 1104.969
1363.664 1354.11 1343.748 1335.092 1330.282 1331.395 1335.268 1338.95 1339.872 1336.852 1331.48 1325.154 1318.549 1312.289 1307.443 1303.388 1300.41 1298.909 1297.961 1297.299 1296.515 1295.147 1292.726 1288.765 1282.651 1276.422 1270.55 1266.022 1262.582 1259.949 1257.417 1255.111 1253.058 1251.259 1249.661 1247.305 1244.784 1242.118 1239.17 1235.48 1231.111 1225.966 1220.058 1213.225 1206.345 1199.517 1192.692 1186.356 1180.329 1174.005 1169.156 1165.34 1161.954 1158.441 1154.064 1149.361 1144.081 1138.976 1134.193 1130.157 1126.591 1122.998 1119.38 1115.414 1111.002
1365.81 1356.135 1345.432 1336.178 1330.549 1330.754 1334.058 1337.878 1339.981 1338.564 1334.277 1328.426 1321.702 1315.288 1309.715 1305.199 1301.837 1299.813 1298.493 1297.737 1297.02 1295.836 1293.702 1290.144 1284.842 1278.357 1271.713 1266.866 1263.059 1260.009 1257.436 1255.227 1253.302 1251.593 1249.999 1248.228 1246.101 1243.622 1240.784 1238.027 1234.697 1230.059 1224.397 1217.857 1210.933 1204.18 1197.517 1190.992 1184.865 1178.059 1172.073 1167.665 1164.007 1160.416 1156.349 1151.391 1146.139 1140.706 1136.174 1132.388 1129.234 1126.154 1123.221 1120.149 1116.666
1367.139 1357.481 1346.743 1337.189 1330.921 1330.258 1332.937 1336.672 1339.479 1339.771 1336.583 1331.316 1325.083 1318.555 1312.339 1307.443 1303.496 1300.524 1299.015 1298.198 1297.472 1296.41 1294.578 1291.547 1286.908 1279.958 1272.959 1267.818 1263.522 1260.04 1257.383 1255.236 1253.387 1251.706 1250.125 1248.965 1247.26 1245.169 1242.839 1240.502 1238.063 1233.701 1228.23 1221.737 1215.072 1208.354 1201.559 1195.009 1188.466 1181.512 1175.251 1170.033 1165.962 1162.362 1158.579 1153.622 1148.156 1142.25 1137.722 1133.855 1130.601 1128.213 1125.94 1123.547 1120.698
1367.91 1358.369 1347.85 1338.314 1331.629 1329.992 1331.978 1335.462 1338.632 1339.996 1338.38 1334.238 1328.511 1321.982 1315.867 1310.52 1306.045 1302.462 1300.143 1298.921 1297.927 1296.817 1295.138 1292.386 1287.993 1281.085 1274.42 1268.95 1264.039 1260.12 1257.425 1255.352 1253.598 1252.065 1250.793 1249.88 1248.327 1246.582 1244.695 1242.661 1240.197 1236.415 1231.224 1225.248 1218.743 1211.973 1205.393 1198.745 1191.85 1185.049 1178.509 1172.438 1167.895 1164.062 1160.173 1155.464 1149.785 1144.028 1139.264 1135.2 1132.001 1129.739 1127.771 1125.81 1123.46
1368.553 1359.114 1348.948 1339.696 1332.975 1329.992 1331.148 1334.33 1337.679 1339.844 1339.805 1336.855 1331.666 1325.738 1319.783 1314.188 1309.117 1304.851 1301.772 1299.826 1298.303 1297.01 1295.347 1292.694 1288.388 1281.623 1275.229 1269.537 1264.381 1260.267 1257.701 1255.697 1253.952 1252.407 1251.089 1250.003 1248.907 1247.631 1246.152 1244.4 1242.128 1238.878 1234.136 1228.5 1222.059 1215.645 1209.2 1202.438 1195.594 1188.803 1181.986 1175.587 1170.209 1165.976 1161.991 1157.421 1151.289 1145.458 1140.304 1136.224 1132.923 1130.365 1128.853 1127.274 1125.432
1369.336 1359.924 1350.053 1340.917 1333.887 1330.088 1330.138 1333.303 1336.707 1339.361 1340.377 1339.05 1334.782 1329.312 1323.52 1317.803 1312.005 1307.203 1303.267 1300.204 1298.413 1297.027 1295.358 1292.753 1288.536 1281.958 1275.75 1269.912 1264.775 1260.722 1258.409 1256.354 1254.485 1252.806 1251.321 1250.057 1249.359 1248.437 1247.265 1245.748 1243.645 1240.621 1236.641 1231.422 1225.503 1219.271 1212.97 1206.456 1199.372 1192.547 1185.944 1179.063 1172.865 1168.211 1163.962 1159.208 1153.142 1147.177 1141.638 1137.504 1134.097 1131.481 1129.834 1128.245 1126.747
1370.236 1361.021 1351.398 1342.18 1334.697 1330.297 1330.233 1332.719 1335.853 1338.688 1340.314 1339.972 1337.07 1332.209 1326.816 1321.105 1315.353 1309.95 1305.243 1301.118 1298.843 1297.209 1295.447 1292.874 1288.828 1282.609 1276.515 1270.432 1265.469 1261.824 1259.567 1257.203 1255.14 1253.349 1251.822 1250.638 1249.964 1249.124 1248.157 1246.902 1245.15 1242.689 1239.384 1234.722 1228.953 1222.626 1216.434 1209.795 1202.577 1195.849 1189.326 1182.59 1176.418 1171.126 1166.477 1161.625 1156.111 1149.679 1143.878 1139.29 1135.431 1132.321 1130.05 1128.639 1127.499
1371.658 1362.837 1353.341 1343.807 1335.729 1330.643 1330.339 1332.237 1335.13 1338.059 1340.117 1340.631 1339.187 1335.389 1330.176 1324.729 1318.971 1313.076 1307.991 1303.194 1299.908 1297.763 1295.792 1293.24 1289.478 1283.972 1277.766 1271.097 1266.045 1262.417 1259.922 1257.688 1255.695 1253.902 1252.325 1251.017 1250.034 1249.517 1248.817 1247.844 1246.457 1244.482 1241.727 1237.829 1232.254 1226.381 1220.208 1213.47 1206.158 1199.255 1192.893 1186.706 1180.41 1174.694 1169.378 1164.115 1158.442 1151.881 1146.016 1140.972 1136.911 1133.309 1130.417 1129.034 1128.028
1373.979 1365.597 1355.929 1345.92 1337.284 1331.447 1330.458 1331.899 1334.739 1337.746 1340.026 1340.976 1340.238 1338.011 1333.089 1328.086 1322.385 1316.542 1310.42 1305.113 1300.981 1298.544 1296.364 1293.817 1290.286 1285.314 1278.743 1271.65 1266.476 1262.722 1260.022 1258.055 1256.23 1254.485 1252.888 1251.536 1250.533 1249.983 1249.345 1248.571 1247.479 1245.876 1243.541 1240.184 1235.616 1230.212 1224.229 1217.503 1210.033 1202.743 1196.39 1190.288 1184.211 1178.231 1172.236 1166.709 1160.837 1154.455 1148.513 1143.3 1138.95 1134.946 1131.759 1129.857 1128.582
1376.355 1367.797 1358.067 1348.203 1339.61 1333.359 1330.606 1332.287 1335.231 1338.171 1340.437 1341.609 1341.439 1339.792 1335.844 1330.578 1324.935 1318.93 1312.54 1307.148 1302.714 1299.658 1297.066 1294.544 1291.382 1286.837 1279.652 1272.259 1267.043 1263.186 1260.341 1258.673 1256.9 1255.125 1253.475 1252.035 1250.87 1250.021 1249.628 1249.076 1248.241 1246.962 1245.05 1242.312 1238.635 1233.742 1228.039 1221.271 1214.005 1206.67 1200.114 1193.898 1187.845 1181.584 1175.624 1169.838 1163.763 1157.2 1151.193 1145.695 1140.835 1136.71 1133.093 1130.375 1129.041
1377.82 1369.144 1359.699 1350.635 1342.862 1337.076 1333.969 1335.119 1337.39 1339.667 1341.452 1342.438 1342.411 1341.148 1338.105 1332.639 1327.084 1321.064 1314.992 1309.178 1304.063 1300.155 1297.392 1294.969 1292.035 1287.634 1280.391 1273.123 1268.009 1264.142 1261.412 1259.712 1257.664 1255.765 1254.059 1252.566 1251.337 1250.448 1249.991 1249.474 1248.808 1247.797 1246.24 1243.933 1240.701 1236.617 1231.309 1225.028 1218.043 1210.744 1203.88 1197.386 1191.162 1185.148 1179.205 1173.301 1167.288 1160.651 1154.294 1148.454 1143.312 1138.921 1134.883 1131.74 1129.857
