auxillary_inputs/dems/sew/initial_conditions/pg24f_7etch.txt
ncols         436
nrows         413
xllcorner     1121548.2005005
yllcorner     886503.6505127
cellsize      24
NODATA_value  -9999
[rows 261 to 289 of 413, columns 195 to 259 of 436]
1648.233 1653.721 1659.376 1665.069 1670.657 1675.888 1681.069 1686.311 1690.908 1695.501 1699.907 1704.013 1708.374 1712.088 1716.054 1719.878 1723.374 1726.503 1729.429 1732.331 1735.038 1737.765 1740.55 1743.612 1746.81 1749.971 1752.824 1755.17 1757.264 1759.254 1760.725 1762.135 1762.912 1763.374 1763.864 1764.084 1763.98 1763.619 1763.035 1762.199 1761.23 1760.153 1758.793 1756.636 1754.108 1751.662 1749.849 1748.462 1746.71 1744.446 1741.956 1739.615 1737.171 1734.226 1731.321 1729.53 1727.343 1724.845 1722.265 1719.653 1716.652 1712.853 1707.913 1701.509 1694.241
1649.569 1655.616 1661.797 1668.237 1674.359 1680.098 1685.572 1690.793 1695.616 1700.254 1704.697 1708.783 1712.47 1715.82 1719.302 1722.93 1726.405 1729.504 1732.19 1735.489 1738.628 1741.302 1744.337 1747.349 1750.499 1753.664 1756.613 1759.173 1761.074 1762.977 1764.287 1765.196 1765.589 1765.704 1765.729 1765.58 1765.21 1764.643 1763.884 1762.839 1761.915 1760.929 1759.751 1757.628 1755.155 1752.663 1750.562 1749.773 1748.212 1745.874 1743.26 1740.768 1739.021 1736.309 1733.606 1731.521 1729.353 1726.681 1723.813 1720.855 1718.161 1714.869 1710.708 1705.589 1699.468
1651.625 1657.583 1664.391 1671.251 1678 1684.216 1689.976 1695.29 1700.181 1704.883 1709.365 1713.326 1716.53 1719.463 1722.358 1726.066 1729.662 1732.864 1735.811 1738.999 1742.178 1745.251 1748.461 1751.319 1754.494 1757.468 1760.358 1762.948 1764.909 1766.568 1767.496 1767.901 1767.803 1767.533 1767.184 1766.725 1766.101 1765.36 1764.424 1763.379 1762.362 1761.274 1759.99 1758.297 1756.182 1753.963 1752.077 1750.938 1749.561 1747.162 1744.601 1742.25 1740.233 1737.999 1735.476 1733.122 1730.569 1728.107 1725.242 1722.328 1719.575 1716.606 1713.212 1709.124 1703.91
1654.986 1659.704 1667.148 1674.389 1681.394 1688.103 1694.159 1699.564 1704.367 1708.97 1713.402 1717.418 1720.236 1722.977 1725.961 1729.525 1733.088 1736.445 1739.546 1742.353 1745.711 1748.982 1752.248 1755.387 1758.55 1761.195 1764.033 1766.46 1768.122 1769.501 1769.905 1769.896 1769.337 1768.799 1768.218 1767.565 1766.697 1765.779 1764.787 1763.733 1762.65 1761.474 1760.139 1758.957 1757.168 1755.142 1753.253 1751.666 1749.988 1747.945 1745.704 1743.583 1741.579 1739.537 1737.013 1734.521 1731.948 1729.434 1726.392 1723.369 1720.29 1717.777 1715.027 1711.667 1707.316
1658.549 1662.776 1670.237 1677.746 1684.898 1691.687 1698.04 1703.467 1708.004 1712.223 1716.541 1720.275 1723.271 1726.044 1729.171 1732.762 1736.513 1740.157 1743.569 1746.495 1749.583 1752.434 1755.798 1758.986 1761.99 1764.704 1767.301 1769.34 1770.182 1770.841 1770.782 1770.627 1770.03 1769.519 1768.833 1767.973 1767.014 1766.022 1764.996 1763.945 1762.889 1761.829 1760.795 1759.828 1758.058 1756.078 1754.115 1752.225 1750.295 1748.707 1746.777 1744.731 1742.622 1740.424 1738.249 1735.619 1732.787 1729.919 1726.821 1723.724 1720.726 1718.661 1716.279 1713.302 1709.439
1662.381 1667.613 1674.306 1681.433 1688.613 1695.407 1701.64 1707.203 1711.524 1715.661 1719.593 1723.026 1726.005 1728.664 1731.73 1735.721 1739.81 1743.801 1747.621 1750.64 1753.768 1756.553 1759.485 1762.068 1764.951 1767.505 1769.638 1770.987 1771.564 1771.786 1771.576 1771.187 1770.593 1769.982 1769.114 1768.161 1767.148 1766.104 1765.047 1763.993 1762.962 1761.974 1761.03 1760.008 1758.495 1756.697 1754.818 1752.967 1751.217 1749.729 1747.816 1745.816 1743.694 1741.601 1739.438 1736.433 1733.238 1730.087 1727.143 1724.294 1721.678 1719.64 1717.249 1714.44 1710.908
1668.407 1673.22 1679.088 1685.77 1692.625 1699.34 1705.357 1710.589 1714.998 1718.85 1722.34 1725.619 1728.718 1731.34 1734.714 1738.757 1742.878 1746.943 1750.78 1754.382 1757.817 1760.509 1763.258 1765.693 1767.825 1769.704 1770.889 1771.887 1772.336 1772.362 1772.039 1771.506 1770.81 1770.012 1769.136 1768.169 1767.121 1766.033 1764.938 1763.866 1762.819 1761.849 1760.96 1760.015 1758.681 1757.058 1755.317 1753.571 1751.867 1750.2 1748.585 1746.718 1744.578 1742.325 1739.867 1736.769 1733.451 1730.223 1727.541 1724.887 1722.322 1720.037 1717.911 1715.479 1712.513
1675.335 1679.717 1684.703 1690.775 1697.282 1703.521 1709.134 1713.951 1718.114 1721.338 1724.716 1727.939 1731.1 1734.405 1737.757 1741.517 1745.787 1749.94 1753.836 1757.466 1760.852 1763.912 1766.674 1768.961 1770.239 1771.38 1772.021 1772.628 1772.852 1772.698 1772.254 1771.624 1770.869 1770.008 1769.077 1768.019 1766.879 1765.712 1764.564 1763.472 1762.451 1761.488 1760.655 1759.943 1758.678 1757.183 1755.594 1754.012 1752.502 1751.091 1749.71 1747.58 1745.208 1742.692 1739.983 1736.932 1733.725 1730.625 1728.269 1725.666 1722.999 1720.482 1718.616 1716.46 1713.858
1682.453 1686.655 1691.098 1696.304 1701.945 1707.663 1712.659 1716.967 1720.66 1723.977 1727.25 1730.503 1734.049 1737.787 1741.024 1744.713 1748.841 1752.933 1756.852 1760.468 1763.88 1766.866 1769.311 1771.128 1772.232 1772.97 1773.303 1773.44 1773.306 1772.903 1772.297 1771.581 1770.82 1770.008 1768.978 1767.791 1766.537 1765.28 1764.069 1762.942 1761.913 1760.969 1760.06 1759.413 1758.355 1757.031 1755.593 1754.151 1752.773 1751.45 1750.001 1747.929 1745.477 1742.813 1740.017 1737.144 1734.268 1731.609 1729.408 1726.683 1724.025 1721.637 1719.725 1717.599 1715.112
1689.349 1693.234 1697.432 1701.961 1706.825 1711.618 1716.117 1720.007 1723.427 1726.685 1729.919 1733.23 1736.846 1740.638 1744.321 1747.808 1751.584 1755.826 1759.858 1763.527 1766.816 1769.458 1771.088 1772.849 1773.943 1774.454 1774.48 1774.207 1773.699 1773.005 1772.196 1771.363 1770.594 1769.941 1768.759 1767.437 1766.078 1764.999 1763.86 1762.692 1761.524 1760.598 1759.954 1759.042 1757.946 1756.687 1755.335 1753.969 1752.648 1751.378 1750 1747.971 1745.505 1742.8 1740.028 1737.377 1734.739 1732.206 1729.882 1727.39 1724.931 1722.593 1720.42 1718.52 1716
1695.593 1699.247 1703.102 1707.572 1711.83 1715.905 1719.709 1723.069 1726.121 1729.268 1732.486 1735.811 1739.497 1743.544 1747.601 1750.885 1754.623 1758.754 1762.704 1766.471 1769.713 1772.209 1773.867 1775.145 1775.88 1775.989 1775.596 1774.902 1774.019 1773.02 1771.979 1770.977 1770.058 1769.34 1768.22 1767.083 1766.028 1764.811 1763.55 1762.325 1761.173 1760.041 1759.348 1758.468 1757.401 1756.191 1754.884 1753.534 1752.194 1750.936 1749.807 1747.821 1745.42 1742.777 1740.094 1737.723 1735.211 1732.607 1730.099 1727.947 1725.779 1723.621 1721.557 1719.551 1716.621
1701.286 1704.676 1708.365 1712.487 1716.609 1719.888 1723.01 1725.942 1728.521 1731.418 1734.941 1738.209 1741.759 1746.032 1750.104 1753.714 1757.377 1761.196 1765.25 1769.14 1772.491 1775.099 1776.837 1777.729 1778.026 1777.532 1776.629 1775.504 1774.26 1772.973 1771.725 1770.657 1769.927 1768.864 1767.97 1766.888 1765.626 1764.292 1762.995 1761.786 1760.663 1759.594 1758.714 1757.835 1756.793 1755.621 1754.347 1752.996 1751.581 1750.146 1749.1 1747.457 1745.335 1742.919 1740.424 1738.409 1735.926 1733.202 1730.54 1728.659 1726.598 1724.447 1722.267 1719.932 1716.949
1706.304 1709.321 1712.427 1716.236 1719.845 1722.83 1725.69 1728.559 1730.909 1734.135 1737.838 1740.909 1744.562 1748.727 1752.664 1756.425 1760.107 1763.889 1767.753 1771.546 1775.353 1777.938 1779.582 1780.03 1779.895 1778.896 1777.491 1775.978 1774.419 1772.873 1771.391 1770.272 1769.761 1768.875 1767.718 1766.422 1765.054 1763.663 1762.34 1761.133 1760.035 1759.078 1758.186 1757.24 1756.195 1755.056 1753.839 1752.567 1751.272 1750.003 1748.811 1747.289 1745.432 1743.387 1741.358 1739.516 1736.886 1734.15 1731.643 1729.658 1727.346 1725.013 1722.626 1720.033 1717.027
1710.438 1713.321 1716.323 1719.576 1722.526 1725.125 1727.665 1730.248 1733.259 1736.739 1740.336 1743.745 1747.372 1751.214 1755.155 1759.015 1762.735 1766.527 1770.266 1774.128 1778.073 1780.123 1781.329 1781.562 1781.062 1779.846 1778.109 1776.325 1774.51 1772.776 1771.635 1770.923 1769.911 1768.674 1767.316 1765.911 1764.476 1763.062 1761.743 1760.525 1759.423 1758.602 1757.641 1756.672 1755.629 1754.522 1753.37 1752.201 1751.058 1750 1748.742 1747.252 1745.554 1743.732 1741.87 1739.931 1737.445 1734.806 1732.286 1730.002 1727.656 1725.262 1722.762 1720.036 1716.996
1713.791 1716.792 1719.76 1722.597 1725.15 1727.535 1729.921 1732.364 1735.948 1739.673 1743.278 1746.825 1750.487 1754.288 1757.78 1761.257 1765.08 1768.905 1772.399 1775.843 1779.461 1781.532 1782.627 1782.753 1781.971 1780.347 1778.677 1776.674 1774.547 1773.355 1772.512 1771.327 1769.902 1768.413 1766.925 1765.436 1763.96 1762.538 1761.231 1760.071 1759.07 1758.146 1757.162 1756.161 1755.106 1754.023 1752.915 1751.807 1750.721 1749.922 1748.635 1747.168 1745.561 1743.845 1742.024 1740.016 1737.667 1735.116 1732.545 1730.066 1727.706 1725.309 1722.779 1720.012 1716.938
1716.962 1720.032 1722.991 1725.698 1728.056 1730.482 1733.124 1736.025 1739.569 1743.099 1746.592 1750.144 1753.873 1757.669 1760.691 1763.946 1767.388 1770.791 1774.277 1777.558 1780.47 1782.78 1784.252 1784.326 1783.459 1781.737 1779.69 1777.263 1775.382 1774.514 1773.157 1771.583 1769.904 1768.243 1766.633 1765.077 1763.572 1762.141 1760.835 1759.683 1758.633 1757.664 1756.692 1755.687 1754.656 1753.593 1752.474 1751.378 1750.094 1749.345 1748.262 1746.919 1745.407 1743.772 1742 1740.013 1737.748 1735.244 1732.635 1730.061 1727.67 1725.276 1722.75 1719.982 1716.879
1720.25 1723.361 1726.394 1729.182 1731.489 1734.232 1737.036 1740.196 1743.657 1746.878 1750.122 1753.5 1756.999 1760.451 1763.599 1766.699 1769.833 1772.957 1776.188 1779.317 1781.956 1784.241 1785.924 1786.238 1785.385 1783.433 1780.76 1778.123 1776.87 1775.501 1773.745 1771.887 1770.031 1768.235 1766.518 1764.9 1763.363 1761.905 1760.549 1759.312 1758.23 1757.24 1756.27 1755.273 1754.261 1753.226 1752.152 1751.104 1750.003 1749.053 1747.924 1746.597 1745.131 1743.566 1741.886 1740.001 1737.802 1735.317 1732.679 1730.051 1727.624 1725.224 1722.709 1719.951 1716.815
1723.824 1726.926 1730.055 1732.972 1735.683 1738.571 1741.284 1744.58 1748.002 1750.816 1753.767 1756.882 1760.145 1763.414 1766.474 1769.301 1772.096 1774.94 1777.825 1780.519 1783.247 1785.634 1787.449 1788.338 1787.655 1785.66 1782.736 1779.611 1778.204 1776.436 1774.385 1772.318 1770.297 1768.373 1766.562 1764.883 1763.305 1761.814 1760.415 1759.132 1758.018 1757.002 1756.012 1755.017 1753.996 1752.951 1751.867 1750.918 1750.002 1748.89 1747.616 1746.22 1744.749 1743.244 1741.697 1739.993 1737.872 1735.395 1732.722 1730.051 1727.587 1725.174 1722.666 1719.92 1716.757
1727.648 1730.787 1734.079 1737.048 1739.939 1742.77 1745.58 1748.708 1751.885 1754.747 1757.392 1760.256 1763.348 1766.431 1769.275 1771.484 1774.187 1776.773 1779.438 1781.941 1784.517 1786.859 1788.726 1789.903 1789.742 1787.892 1784.786 1781.21 1779.464 1777.397 1775.119 1772.858 1770.686 1768.654 1766.761 1765.011 1763.378 1761.845 1760.411 1759.099 1757.959 1756.925 1755.918 1754.884 1753.801 1752.694 1751.576 1750.629 1749.919 1748.651 1747.241 1745.759 1744.253 1742.781 1741.39 1739.982 1737.956 1735.473 1732.765 1730.054 1727.557 1725.124 1722.62 1719.897 1716.745
1731.72 1735.114 1738.493 1741.318 1744.25 1746.896 1749.536 1752.19 1755.463 1758.483 1760.85 1763.615 1766.531 1769.412 1772.172 1774.431 1776.644 1778.514 1780.585 1783.131 1785.611 1787.761 1789.325 1790.053 1790.453 1789.5 1786.73 1783.382 1780.665 1778.363 1775.895 1773.462 1771.191 1769.084 1767.121 1765.29 1763.583 1761.998 1760.529 1759.187 1758.007 1756.936 1755.891 1754.794 1753.603 1752.407 1751.239 1750.083 1749.281 1748.125 1746.733 1745.221 1743.669 1742.171 1740.884 1739.946 1738.002 1735.504 1732.776 1730.051 1727.53 1725.077 1722.573 1719.895 1716.842
1736.188 1739.61 1742.844 1745.802 1748.679 1750.992 1753.45 1756.017 1758.906 1761.653 1764.184 1766.885 1769.623 1772.148 1775.187 1777.433 1779.319 1780.498 1782.331 1784.535 1786.715 1788.585 1789.934 1790.523 1790.719 1789.966 1788.005 1785.233 1782.131 1779.284 1776.682 1774.127 1771.775 1769.604 1767.581 1765.688 1763.927 1762.291 1760.784 1759.416 1758.172 1757.036 1755.935 1754.779 1753.567 1752.368 1751.16 1749.991 1748.912 1747.672 1746.259 1744.726 1743.13 1741.541 1740.146 1739.781 1737.874 1735.402 1732.713 1730.03 1727.52 1725.053 1722.538 1719.918 1717.078
1740.586 1743.999 1747.035 1749.955 1752.717 1755.09 1757.245 1759.552 1761.813 1764.564 1767.25 1770.002 1772.758 1775.474 1778.366 1780.072 1781.51 1782.667 1784.18 1785.973 1787.76 1789.22 1790.045 1790.674 1790.767 1790.081 1788.913 1786.638 1783.74 1780.466 1777.46 1774.874 1772.451 1770.229 1768.156 1766.213 1764.395 1762.7 1761.146 1759.769 1758.49 1757.282 1756.168 1755.006 1753.781 1752.515 1751.241 1749.991 1748.713 1747.36 1745.913 1744.393 1742.841 1741.332 1740.015 1739.117 1737.402 1735.124 1732.577 1730.003 1727.575 1725.111 1722.554 1719.951 1717.348
1744.935 1748.276 1750.917 1753.696 1756.381 1758.831 1760.702 1762.978 1765.314 1767.646 1770.166 1772.861 1775.513 1777.977 1780.213 1781.902 1783.243 1784.411 1785.724 1787.202 1788.689 1789.948 1790.538 -9999 -9999 1790.617 1789.793 1787.665 1784.987 1782.026 1778.898 1775.584 1773.145 1770.888 1768.783 1766.813 1764.974 1763.261 1761.677 1760.26 1758.948 1757.715 1756.596 1755.38 1754.078 1752.726 1751.358 1749.994 1748.591 1747.16 1745.695 1744.21 1742.733 1741.311 1739.995 1738.723 1737.019 1734.887 1732.491 1730.043 1727.818 1725.376 1722.73 1720.071 1717.734
1748.885 1751.909 1754.464 1756.943 1759.336 1761.654 1763.746 1766.06 1768.525 1770.433 1772.814 1775.368 1777.834 1779.957 1781.778 1783.284 1784.537 1785.66 1786.81 1788.018 1789.188 1790.144 -9999 -9999 -9999 -9999 1789.686 1787.89 1785.515 1782.791 1779.801 1776.389 1773.791 1771.54 1769.459 1767.49 1765.637 1763.909 1762.306 1760.835 1759.491 1758.259 1757.134 1755.845 1754.441 1752.971 1751.481 1749.997 1748.507 1747.031 1745.567 1744.12 1742.703 1741.333 1739.992 1738.552 1736.85 1734.854 1732.638 1730.349 1728.447 1725.996 1723.245 1720.513 1718.455
1752.096 1755.152 1757.522 1759.643 1761.431 1763.943 1766.209 1768.298 1770.415 1772.604 1774.956 1777.344 1779.58 1781.329 1782.887 1784.241 1785.405 1786.448 1787.448 1788.427 1789.326 -9999 -9999 -9999 -9999 -9999 -9999 1787.573 1785.443 1782.914 1780.07 1777.028 1774.381 1772.187 1770.134 1768.18 1766.334 1764.601 1762.99 1761.501 1760.122 1759.028 1757.802 1756.392 1754.851 1753.238 1751.606 1749.999 1748.444 1746.948 1745.495 1744.078 1742.699 1741.35 1739.993 1738.513 1736.866 1735.051 1733.138 1731.263 1729.523 1726.902 1724.143 1721.599 1719.551
1755.571 1758.372 1760.27 1762.219 1764.143 1766.489 1768.842 1770.33 1772.253 1774.374 1776.579 1778.655 1780.285 1782.018 1783.522 1784.801 1785.892 1786.845 -9999 -9999 -9999 -9999 -9999 -9999 -9999 -9999 -9999 -9999 1785.001 1782.685 1780.07 1777.319 1774.855 1772.714 1770.687 1768.822 1767.114 1765.335 1763.69 1762.196 1760.965 1759.867 1758.5 1756.969 1755.283 1753.515 1751.732 1750.002 1748.397 1746.904 1745.468 1744.071 1742.704 1741.357 1739.995 1738.528 1736.953 1735.274 1733.534 1731.776 1729.918 1727.433 1724.796 1722.28 1720.014
1758.221 1760.378 1762.454 1764.472 1766.427 1768.395 1770.231 1771.912 1773.744 1775.726 1777.786 1779.765 1781.137 1782.559 1783.892 1785.068 -9999 -9999 -9999 -9999 -9999 -9999 -9999 -9999 -9999 -9999 -9999 -9999 -9999 1782.244 1779.899 1777.368 1775.225 1773.157 1771.194 1769.81 1768.055 1766.281 1764.612 1763.104 1761.668 1760.179 1759.045 1757.532 1755.724 1753.801 1751.862 1750.05 1748.439 1746.909 1745.5 1744.112 1742.733 1741.362 1739.992 1738.554 1737.04 1735.433 1733.74 1731.958 1730.001 1727.676 1725.233 1722.78 1720.418
1760.34 1762.256 1764.325 1766.376 1768.304 1769.991 1771.574 1773.156 1774.83 1776.588 1778.358 1780.019 1781.438 1782.776 1784.01 1785.099 -9999 -9999 -9999 -9999 -9999 -9999 -9999 -9999 -9999 -9999 -9999 -9999 -9999 -9999 1779.561 1777.501 1775.445 1773.449 1771.551 1770.019 1768.511 1766.915 1765.316 1763.802 1762.365 1760.992 1759.833 1758.208 1756.212 1754.106 1752.051 1750.282 1748.604 1747.041 1745.708 1744.32 1742.873 1741.408 1739.987 1738.594 1737.132 1735.547 1733.836 1731.998 1730.003 1727.83 1725.603 1723.416 1721.381
1761.98 1763.813 1765.861 1767.867 1769.716 1771.149 1772.572 1774.036 1775.552 1777.094 1778.603 1780.028 1781.441 1782.75 1783.928 -9999 -9999 -9999 -9999 -9999 -9999 -9999 -9999 -9999 -9999 -9999 -9999 -9999 -9999 -9999 -9999 1777.53 1775.553 1773.633 1771.808 1770.112 1768.523 1767.1 1765.685 1764.302 1762.938 1761.57 1760.18 1758.855 1756.802 1754.432 1752.336 1750.512 1748.806 1747.327 1746.081 1744.677 1743.135 1741.533 1739.999 1738.711 1737.293 1735.684 1733.911 1732.009 1730.004 1727.941 1725.87 1723.839 1721.888
