auxillary_inputs/dems/sew/initial_conditions/pg24f_randetch.txt
ncols         436
nrows         413
xllcorner     1121548.2005005
yllcorner     886503.6505127
cellsize      24
NODATA_value  -9999
[rows 87 to 115 of 413, columns 325 to 389 of 436]
1383.454 1383.314 1383.077 1382.496 1382.263 1381.169 1380.748 1380.101 1378.733 1377.903 1376.644 1375.74 1374.556 1373.54 1372.596 1371.614 1370.777 1370.049 1369.366 1368.119 1366.82 1365.067 1363.975 1363.204 1363.08 1363.115 1364.386 1364.389 1363.505 1360.972 1359.555 1358.874 1357.796 1356.885 1356.007 1355.231 1354.787 1354.523 1354.272 1354.272 1354.722 1355.091 1355.982 1357.314 1358.997 1360.836 1362.948 1365.135 1368.713 1371.433 1372.424 1373.193 1373.295 1373.531 1373.908 1374.985 1376.477 1377.928 1379.744 1381.842 1383.535 -9999 -9999 -9999 -9999
1383.151 1383.191 1382.933 1382.307 1382.179 1381.607 1380.641 1379.799 1379.058 1377.937 1376.737 1375.988 1374.681 1373.679 1372.862 1371.915 1371.453 1370.582 1369.989 1368.75 1367.246 1366.091 1364.71 1364.463 1364.016 1364.312 1365.001 1365.408 1364.398 1362.477 1359.592 1358.858 1358.163 1357.216 1356.364 1355.851 1355.333 1354.753 1354.833 1354.501 1354.496 1354.631 1356.197 1357.247 1358.647 1360.67 1363.079 1365.282 1366.997 1371.087 1373.21 1374.484 1375.032 1375.164 1376.165 1377.086 1378.227 1379.5 1381.105 1382.917 1384.486 1385.806 -9999 -9999 -9999
1382.833 1382.853 1382.488 1382.185 1381.966 1381.379 1380.423 1379.761 1378.832 1378.296 1376.949 1375.794 1375.094 1374.013 1373.126 1372.162 1371.505 1370.733 1369.924 1369.015 1367.744 1366.848 1365.671 1365.066 1364.98 1365.239 1366.035 1366.089 1365.006 1362.774 1359.958 1359.068 1358.012 1357.279 1356.771 1356.193 1356.057 1355.595 1355.058 1354.919 1354.819 1355.033 1356.194 1357.263 1358.96 1360.962 1363.345 1365.115 1367.02 1370.308 1373.45 1375.531 1376.744 1377.127 1377.693 1378.752 1379.94 1381.214 1382.499 1384.157 1385.387 1386.833 -9999 -9999 -9999
1382.415 1382.325 1382.356 1382.068 1381.764 1380.998 1380.517 1379.554 1378.874 1377.968 1377.011 1376.18 1375.135 1374.202 1373.367 1372.686 1371.502 1370.646 1369.804 1369.35 1368.097 1367.15 1366.426 1365.998 1365.767 1366.012 1366.199 1366.171 1365.221 1362.525 1359.822 1358.927 1358.27 1357.692 1357.119 1356.41 1356.671 1356.371 1355.811 1355.272 1355.41 1355.108 1356.207 1357.338 1359.247 1361.057 1363.099 1365.412 1367.142 1368.653 1373.168 1375.493 1377.411 1378.483 1379.666 1380.532 1381.231 1382.355 1383.969 1384.973 1386.267 1387.475 -9999 -9999 -9999
1382.021 1381.965 1381.843 1381.698 1381.157 1380.701 1380.178 1379.643 1378.716 1377.946 1377.179 1376.15 1375.126 1374.159 1373.489 1372.585 1371.974 1370.991 1369.797 1369.452 1368.474 1367.533 1367.021 1366.548 1366.184 1366.235 1366.269 1365.789 1364.765 1361.861 1359.798 1359.294 1358.477 1357.968 1357.556 1357.54 1357.317 1357.077 1356.769 1355.863 1355.741 1355.861 1356.613 1357.6 1359.075 1361.008 1363.317 1365.078 1367.193 1368.647 1371.906 1375.148 1377.753 1379.388 1380.683 1381.639 1382.555 1383.798 1385.113 1385.993 1386.936 1388.121 1389.409 -9999 -9999
1381.136 1381.424 1381.224 1381.282 1380.918 1380.474 1380.119 1379.499 1378.327 1377.657 1376.982 1376.075 1375.083 1374.535 1373.256 1372.743 1371.99 1371.159 1370.292 1369.825 1368.597 1368.035 1367.036 1366.674 1366.348 1365.74 1365.751 1365.181 1363.751 1361.412 1359.649 1358.969 1358.674 1358.48 1358.293 1358.215 1358.365 1357.844 1357.411 1356.904 1356.524 1356.522 1356.823 1358.086 1359.45 1361.309 1363.399 1365.207 1366.942 1368.506 1369.595 1373.725 1376.739 1379.147 1381.03 1382.337 1383.52 1384.508 1385.67 1386.755 1387.666 1388.752 1389.371 1390.669 -9999
1380.87 1381.079 1381.139 1381.005 1380.669 1380.26 1379.813 1379.169 1378.267 1377.664 1376.925 1375.912 1375.206 1374.301 1373.71 1372.971 1372.138 1371.134 1370.446 1369.938 1368.858 1368.164 1367.364 1366.39 1365.956 1365.408 1365.02 1364.321 1362.878 1360.806 1359.787 1359.099 1358.946 1359.016 1358.835 1359.055 1358.957 1358.518 1358.132 1357.427 1356.895 1356.95 1357.415 1358.334 1359.573 1361.33 1363.016 1364.787 1366.83 1367.997 1369.517 1372.011 1376.181 1378.665 1381.044 1382.918 1384.192 1385.205 1386.293 1387.342 1387.998 1388.737 1389.768 1390.773 -9999
1380.527 1380.599 1380.514 1380.462 1380.151 1379.819 1379.527 1378.504 1378.052 1377.386 1376.58 1375.962 1375.139 1374.224 1373.635 1372.613 1372.13 1371.756 1370.758 1369.879 1369.17 1368.236 1367.434 1366.451 1365.77 1365.188 1364.185 1363.339 1362.154 1360.474 1359.809 1359.517 1359.268 1359.615 1359.656 1359.854 1359.526 1359.219 1358.445 1358.096 1357.927 1357.503 1357.696 1358.449 1359.898 1361.277 1362.798 1364.764 1366.51 1367.904 1369.233 1370.385 1375.178 1378.417 1380.969 1382.963 1384.516 1385.777 1386.461 1387.525 1388.25 1389.182 1389.877 1390.433 1391.138
1380.033 1380.272 1380.297 1380.049 1379.992 1379.504 1379.045 1378.47 1377.779 1377.204 1376.286 1375.711 1375.004 1374.122 1373.898 1372.977 1372.207 1371.486 1370.647 1370.053 1369.012 1368.063 1367.719 1366.666 1365.558 1364.659 1363.724 1362.739 1361.599 1360.884 1360.137 1359.549 1359.596 1359.782 1360.193 1360.051 1360.165 1359.913 1359.377 1358.521 1358.693 1358.175 1358.469 1358.896 1359.994 1361.402 1362.87 1364.494 1366.27 1367.588 1368.613 1369.859 1373.851 1377.86 1380.81 1382.97 1384.57 1385.82 1386.921 1387.821 1388.419 1389.178 1389.782 1390.244 1390.902
1379.867 1380.14 1379.945 1379.696 1379.546 1379.369 1378.96 1378.219 1377.689 1376.975 1376.314 1375.561 1374.84 1374.038 1373.613 1372.923 1372.169 1371.125 1370.53 1369.876 1369.183 1368.335 1367.755 1366.85 1365.937 1364.926 1363.812 1362.943 1361.817 1360.953 1360.675 1360.289 1359.984 1360.621 1361.898 1361.348 1360.329 1360.135 1359.685 1359.303 1358.794 1358.632 1358.726 1359.591 1360.412 1361.425 1362.614 1364.181 1365.823 1367.544 1368.244 1369.405 1372.194 1376.605 1379.81 1382.237 1384.282 1385.698 1386.887 1387.684 1388.431 1388.999 1389.397 1389.786 -9999
1379.34 1379.63 1379.532 1379.349 1379.248 1378.987 1378.341 1377.965 1377.448 1376.744 1376.144 1375.29 1374.424 1374.346 1373.324 1372.695 1371.97 1371.507 1370.834 1369.881 1369.005 1368.656 1368.061 1367.193 1366.147 1365.162 1364.147 1363.251 1362.3 1361.949 1361.823 1361.415 1361.931 1363.046 1363.658 1362.378 1360.96 1360.418 1360.353 1359.793 1359.389 1359.223 1359.307 1359.679 1360.439 1361.295 1362.575 1364.043 1365.499 1366.794 1368.283 1369.113 1369.846 1374.885 1379.025 1381.776 1384.1 1385.152 1386.632 1387.392 1387.909 1388.431 1388.974 -9999 -9999
1379.298 1379.283 1379.262 1378.822 1379.07 1378.374 1377.91 1377.447 1377.215 1376.58 1375.965 1375.263 1374.63 1373.762 1373.058 1372.659 1371.918 1371.388 1370.857 1369.925 1369.265 1368.768 1368.255 1367.424 1366.768 1365.55 1364.489 1363.596 1363.489 1363.059 1363.454 1363.602 1364.067 1365.135 1365.005 1363.582 1361.393 1361.211 1360.745 1360.73 1360.378 1359.998 1359.793 1360.064 1360.611 1361.442 1362.477 1363.94 1365.149 1366.385 1367.701 1368.752 1369.895 1373.191 1377.57 1380.857 1383.214 1385.116 1386.236 1386.903 1387.424 1387.953 -9999 -9999 -9999
1378.988 1379.201 1379.067 1378.516 1378.445 1378.104 1377.883 1377.393 1376.76 1376.541 1375.817 1375.008 1374.218 1373.688 1373.349 1372.45 1371.832 1371.353 1370.535 1370.05 1369.658 1369.089 1368.533 1367.794 1366.913 1366.018 1365.114 1364.457 1364.29 1364.433 1364.638 1365.168 1365.966 1366.416 1366.462 1365.269 1362.121 1361.903 1361.543 1361.108 1360.906 1361.013 1360.406 1360.643 1361.214 1361.572 1362.571 1363.651 1364.745 1365.929 1367.583 1368.617 1369.358 1371.461 1376.418 1379.824 1382.451 1384.395 1385.656 1386.42 1387.034 -9999 -9999 -9999 -9999
1378.989 1378.841 1378.773 1378.479 1378.31 1377.879 1377.442 1377.175 1376.852 1376.247 1375.483 1374.976 1374.356 1373.725 1373.227 1372.339 1371.639 1371.002 1370.642 1370.191 1370.06 1369.471 1368.984 1368.174 1367.148 1366.537 1365.887 1365.314 1365.273 1365.446 1366.246 1366.696 1367.354 1367.579 1367.711 1366.827 1364.63 1362.43 1362.357 1362.138 1361.743 1361.165 1361.403 1361.324 1361.661 1361.476 1362.572 1363.463 1364.729 1365.92 1367.304 1368.273 1369.182 1370.524 1375.288 1379.261 1381.808 1383.939 1385.128 1385.913 1386.387 -9999 -9999 -9999 -9999
1378.95 1378.898 1378.794 1378.61 1378.152 1377.874 1377.506 1377.002 1376.329 1376.203 1375.507 1375.037 1374.285 1373.724 1373.391 1372.385 1371.995 1371.405 1370.961 1370.65 1369.921 1369.693 1369.206 1368.721 1367.83 1367.143 1366.345 1366.045 1366.445 1366.648 1366.622 1367.619 1368.074 1368.759 1368.861 1368.419 1366.401 1363.176 1363.156 1362.918 1362.533 1362.061 1362.088 1361.758 1361.747 1361.761 1362.474 1363.366 1364.702 1365.944 1367.031 1368.329 1368.928 1369.969 1375.073 1378.735 1381.727 1383.484 1384.837 1385.404 -9999 -9999 -9999 -9999 -9999
1378.828 1378.702 1378.586 1378.262 1378.178 1377.639 1377.241 1376.911 1376.305 1376.172 1375.328 1375.075 1374.375 1373.807 1373.058 1372.613 1371.707 1371.759 1371.091 1370.895 1370.223 1370.382 1369.66 1369.196 1368.409 1367.811 1367.009 1367.042 1367.113 1367.119 1367.695 1368.394 1369.202 1369.679 1369.912 1369.769 1368.017 1365.651 1363.576 1363.424 1363.119 1362.86 1362.256 1362.214 1362.045 1362.017 1362.466 1363.401 1364.586 1365.773 1367.131 1368.223 1369.159 1369.92 1374.211 1378.628 1381.425 1383.248 1384.305 1384.851 -9999 -9999 -9999 -9999 -9999
1379.029 1379.055 1378.5 1378.256 1377.997 1377.55 1377.4 1376.956 1376.377 1375.945 1375.389 1375.068 1374.312 1373.972 1373.233 1372.943 1372.246 1371.795 1371.397 1371.147 1370.65 1369.962 1370.003 1369.379 1368.665 1368.292 1367.617 1367.333 1367.955 1367.751 1368.252 1368.654 1369.762 1370.252 1370.564 1370.447 1369.315 1366.979 1364.513 1363.968 1363.711 1363.372 1362.593 1362.636 1362.374 1362.29 1362.925 1363.518 1364.808 1365.968 1366.97 1368.049 1368.993 1369.727 1374.325 1378.299 1381.059 1382.676 1383.677 1384.338 -9999 -9999 -9999 -9999 -9999
1378.994 1379.002 1378.637 1378.291 1378.031 1377.639 1377.34 1377.001 1376.601 1376.224 1375.609 1375.198 1374.4 1374.179 1373.512 1372.976 1372.531 1371.95 1371.623 1371.174 1370.635 1370.378 1369.81 1369.904 1369.196 1368.51 1368.434 1368.269 1368.337 1368.483 1368.644 1369.186 1369.893 1370.463 1370.817 1370.906 1369.937 1368.001 1364.738 1364.704 1364.052 1363.727 1363.307 1362.794 1362.486 1362.465 1362.751 1363.75 1364.954 1366.006 1366.737 1367.981 1368.909 1369.821 1374.397 1378.445 1380.929 1382.612 1383.567 1383.805 -9999 -9999 -9999 -9999 -9999
1378.988 1378.867 1378.734 1378.441 1378.078 1377.98 1377.418 1377.215 1376.674 1376.43 1375.813 1375.201 1374.765 1374.582 1373.884 1373.461 1372.935 1372.585 1371.693 1371.313 1371.064 1370.704 1370.358 1369.922 1369.759 1369.076 1368.947 1368.88 1368.735 1368.898 1369.111 1369.532 1369.892 1370.756 1370.926 1370.677 1369.874 1367.776 1365.386 1364.941 1364.429 1364.164 1363.795 1363.236 1362.721 1362.465 1363.075 1363.579 1364.96 1365.952 1366.7 1367.887 1369.156 1370.008 1374.264 1378.51 1381.009 1382.304 1383.02 1383.227 1383.151 -9999 -9999 -9999 -9999
1379.291 1379.171 1379.008 1378.697 1378.543 1377.985 1377.592 1377.403 1376.742 1376.601 1376.167 1375.638 1375.182 1374.686 1374.374 1373.921 1373.426 1372.559 1372.069 1371.93 1371.25 1370.735 1370.45 1370.347 1370.118 1369.538 1369.186 1369.307 1369.151 1369.409 1369.721 1369.878 1370.299 1370.348 1370.479 1370.508 1369.495 1367.625 1365.862 1365.442 1364.888 1364.471 1363.845 1363.639 1362.944 1362.808 1363.043 1363.764 1365.067 1365.999 1366.772 1368.182 1369.178 1369.669 1374.631 1378.378 1381.166 1382.407 1383.09 1383.225 1382.658 -9999 -9999 -9999 -9999
1379.546 1379.525 1378.919 1378.977 1378.555 1378.17 1377.928 1377.651 1377.222 1376.83 1376.665 1376.025 1375.834 1375.241 1374.61 1373.954 1373.553 1373.006 1372.727 1372.006 1371.511 1371.393 1370.9 1370.624 1370.309 1370.015 1369.646 1369.639 1369.914 1369.828 1370.201 1370.13 1369.989 1370.163 1370.449 1369.905 1369.051 1366.955 1366.155 1365.711 1365.174 1364.729 1364.28 1363.569 1363.498 1363.16 1363.163 1363.934 1365.193 1365.902 1367.186 1367.968 1369.199 1369.97 1374.538 1378.496 1380.958 1382.383 1382.721 1382.479 1382.396 1382.396 -9999 -9999 -9999
1379.893 1379.726 1379.576 1379.332 1378.947 1378.667 1378.093 1377.829 1377.77 1377.234 1376.834 1376.533 1376.024 1375.608 1375.02 1374.484 1374.211 1373.407 1372.92 1372.418 1371.977 1371.518 1371.45 1371.065 1370.457 1370.272 1369.814 1369.875 1370.241 1369.953 1369.837 1369.906 1370.026 1369.996 1369.881 1369.373 1368.305 1366.496 1366.438 1366.073 1365.809 1365.242 1364.622 1364.19 1363.826 1363.16 1363.289 1364.114 1365.061 1366.036 1367.069 1368.261 1369.157 1370.008 1374.678 1378.51 1380.924 1381.993 1382.516 1382.396 1382.396 1382.396 1382.396 -9999 -9999
1380.273 1380.059 1379.962 1379.606 1379.443 1378.906 1378.391 1378.03 1377.616 1377.65 1377.128 1376.778 1376.327 1375.754 1375.599 1375.18 1374.093 1374.132 1373.526 1373.044 1372.615 1372.165 1371.802 1371.608 1371.144 1370.685 1370.39 1370.013 1370.174 1370.027 1370.165 1370.183 1370.055 1369.849 1369.63 1369.019 1367.876 1366.841 1366.884 1366.482 1366 1365.719 1365.179 1364.616 1364.077 1363.507 1363.572 1364.294 1365.171 1365.959 1367.048 1367.984 1369.028 1369.966 1374.574 1378.533 1380.871 1382.061 1382.409 1382.396 1382.396 1382.396 1382.396 -9999 -9999
1380.6 1380.482 1380.246 1380.105 1379.398 1378.944 1378.62 1378.425 1378.309 1377.897 1377.692 1377.394 1376.838 1376.418 1376.245 1375.682 1375.291 1374.556 1374.304 1373.451 1373.337 1372.975 1372.627 1372.165 1371.572 1371.097 1370.539 1370.013 1370.013 1370.205 1370.649 1370.502 1370.624 1370.274 1370.029 1368.705 1367.596 1367.457 1367.121 1366.969 1366.818 1366.203 1365.461 1365.037 1364.435 1364.196 1363.888 1364.269 1365.246 1365.696 1367.114 1367.788 1368.892 1369.72 1374.538 1378.533 1380.987 1382.023 1382.396 1382.396 1382.396 1382.396 1382.396 -9999 -9999
1381.212 1380.69 1380.524 1380.394 1379.85 1379.528 1379.067 1378.749 1378.638 1378.358 1378.12 1378.038 1377.586 1377.02 1376.506 1375.98 1375.495 1375.315 1374.571 1374.098 1373.976 1373.582 1373.061 1372.793 1372.327 1371.762 1371.468 1370.925 1370.898 1371.036 1371.082 1371.145 1371.012 1370.612 1370.132 1369.182 1368.232 1368.022 1367.907 1367.479 1367.068 1366.518 1366.233 1365.451 1365 1364.072 1364.14 1364.434 1365.18 1365.596 1367.027 1368.085 1368.982 1369.852 1374.112 1378.461 1381.143 1382.003 1382.575 1382.396 1382.396 1382.396 1382.396 -9999 -9999
1381.99 1381.246 1380.78 1380.366 1379.939 1379.825 1379.401 1379.264 1379.2 1378.595 1378.431 1378.328 1377.992 1377.477 1377.301 1376.768 1376.454 1375.636 1375.384 1375.021 1374.555 1374.372 1374.276 1373.648 1373.545 1372.891 1372.696 1372.454 1372.183 1372.345 1372.229 1371.991 1371.658 1371.356 1370.681 1369.668 1369.204 1368.357 1368.264 1368.096 1367.613 1367.152 1366.24 1365.403 1365.241 1364.663 1364.156 1364.374 1365.148 1366.055 1366.899 1367.958 1368.898 1370.049 1374.279 1378.156 1381.018 1382.582 1382.946 1382.557 1382.396 1382.396 1382.396 -9999 -9999
1382.448 1382.122 1381.478 1381.115 1380.888 1380.394 1380.022 1379.917 1379.553 1379.543 1379.024 1379.082 1378.405 1378.247 1377.887 1377.619 1377.101 1376.563 1376.194 1375.968 1375.639 1375.155 1375.12 1374.911 1374.72 1374.273 1373.961 1374.089 1373.581 1373.541 1373.457 1372.936 1372.583 1371.703 1371.03 1370.063 1369.966 1369.285 1368.673 1368.388 1368.026 1367.318 1366.566 1365.816 1365.14 1364.761 1364.583 1364.815 1365.032 1365.908 1366.967 1368.045 1368.556 1369.988 1374.544 1378.681 1381.32 1382.658 1383.245 1383.036 1382.578 1382.396 1382.396 -9999 -9999
1383.389 1382.51 1382.042 1381.695 1381.327 1380.907 1380.693 1380.309 1380.141 1379.945 1380.033 1379.27 1379.583 1378.889 1378.623 1378.123 1377.661 1377.152 1376.713 1376.682 1376.361 1376.294 1375.939 1375.989 1375.833 1375.542 1375.762 1375.416 1375.092 1374.963 1374.749 1374.553 1373.601 1372.96 1372.042 1371.374 1371.042 1370.144 1369.517 1368.645 1368.058 1367.629 1366.963 1365.967 1365.369 1364.971 1364.614 1364.969 1365.239 1366.134 1366.917 1368.076 1368.988 1369.97 1374.43 1378.785 1381.623 1383.098 1383.49 1383.421 1383.188 1382.396 1382.396 -9999 -9999
1384.074 1383.818 1383.109 1382.525 1381.87 1381.558 1381.547 1380.976 1381.112 1380.842 1380.661 1380.044 1380.116 1379.606 1379.077 1378.639 1378.645 1377.784 1377.691 1377.298 1377.337 1377.124 1377.281 1376.882 1376.807 1376.888 1376.811 1376.619 1376.739 1376.644 1376.215 1375.687 1375.201 1374.126 1373.012 1372.282 1371.58 1371.041 1369.7 1368.717 1368.315 1367.872 1367.055 1366.42 1365.379 1365.135 1364.714 1364.997 1365.588 1366.298 1367.114 1368.403 1369.294 1369.946 1374.696 1378.846 1381.753 1383.005 1383.834 1383.59 1383.452 1383.424 1382.855 -9999 -9999
