auxillary_inputs/dems/sew/initial_conditions/pg24f_0etch.txt
ncols         436
nrows         413
xllcorner     1121548.2005005
yllcorner     886503.6505127
cellsize      24
NODATA_value  -9999
[rows 261 to 289 of 413, columns 260 to 324 of 436]
1686.655 1678.44 1669.885 1661.61 1654.208 1648.939 1645.02 1641.203 1637.503 1633.919 1630.448 1627.102 1623.893 1620.824 1617.877 1615.025 1612.243 1609.891 1607.059 1604.055 1601.293 1598.485 1595.817 1593.171 1590.497 1588.239 1585.497 1582.658 1580.044 1577.725 1575.412 1572.988 1570.46 1568.214 1565.397 1562.218 1559.027 1555.192 1551.178 1547.53 1543.512 1539.29 1535.015 1531.374 1527.753 1524.154 1520.556 1516.952 1513.354 1509.773 1506.186 1502.563 1498.891 1495.161 1491.365 1487.501 1483.582 1479.627 1475.657 1471.695 1467.764 1463.881 1460.06 1456.319 1452.673
1692.512 1684.691 1676.023 1667.203 1659.011 1652.173 1647.835 1643.932 1640.134 1636.438 1632.847 1629.378 1626.041 1622.84 1619.762 1616.784 1613.88 1611.024 1608.194 1605.363 1602.507 1599.624 1596.723 1594.027 1591.548 1589.267 1586.106 1582.911 1580.099 1577.998 1575.887 1573.669 1571.467 1569.436 1566.655 1563.371 1559.911 1556.323 1552.572 1548.864 1544.528 1540.046 1536.151 1532.511 1528.886 1525.276 1521.668 1518.057 1514.458 1510.88 1507.304 1503.704 1500.069 1496.383 1492.634 1488.815 1484.934 1481.01 1477.064 1473.118 1469.192 1465.302 1461.464 1457.698 1454.023
1697.483 1689.874 1681.349 1672.428 1663.927 1656.659 1650.644 1646.671 1642.786 1638.992 1635.297 1631.718 1628.266 1624.951 1621.757 1618.664 1615.647 1612.678 1609.732 1606.789 1603.839 1600.881 1597.921 1594.968 1592.248 1589.688 1586.438 1583.526 1580.8 1578.544 1576.549 1574.373 1572.178 1570.033 1567.693 1564.33 1560.621 1557.419 1553.77 1549.812 1545.416 1540.947 1537.323 1533.687 1530.054 1526.428 1522.801 1519.18 1515.579 1512.002 1508.433 1504.855 1501.254 1497.609 1493.9 1490.122 1486.28 1482.39 1478.472 1474.544 1470.62 1466.721 1462.868 1459.079 1455.378
1701.313 1694.328 1686.413 1677.843 1669.43 1661.869 1655.246 1650.117 1645.632 1641.573 1637.79 1634.118 1630.569 1627.148 1623.85 1620.653 1617.532 1614.457 1611.403 1608.355 1605.316 1602.289 1599.271 1596.264 1593.28 1590.331 1587.433 1584.599 1581.824 1579.479 1577.339 1575.075 1572.799 1570.57 1568.885 1565.412 1561.586 1558.75 1555.023 1550.894 1546.652 1542.14 1538.53 1534.892 1531.244 1527.595 1523.95 1520.319 1516.716 1513.139 1509.573 1506.011 1502.435 1498.819 1495.148 1491.414 1487.617 1483.767 1479.879 1475.967 1472.047 1468.145 1464.28 1460.47 1456.74
1704.294 1698.1 1690.845 1682.982 1675.155 1667.999 1661.114 1655.276 1650.076 1645.318 1640.727 1636.563 1632.934 1629.424 1626.03 1622.738 1619.52 1616.349 1613.199 1610.066 1606.957 1603.865 1600.785 1597.717 1594.672 1591.659 1588.691 1585.782 1582.934 1580.148 1577.893 1575.76 1573.608 1571.537 1569.595 1566.432 1562.946 1559.808 1556.322 1552.473 1548.469 1543.943 1539.803 1536.097 1532.435 1528.769 1525.11 1521.47 1517.861 1514.28 1510.714 1507.161 1503.602 1500.012 1496.379 1492.691 1488.942 1485.134 1481.277 1477.383 1473.47 1469.563 1465.687 1461.86 1458.102
1706.654 1701.258 1695.064 1688.277 1681.236 1674.393 1667.297 1660.852 1654.871 1649.446 1644.576 1639.982 1635.755 1631.905 1628.71 1625.182 1621.603 1618.347 1615.12 1611.917 1608.741 1605.582 1602.428 1599.286 1596.167 1593.079 1590.034 1587.046 1584.127 1581.281 1578.558 1576.501 1574.374 1572.217 1569.967 1567.229 1564.057 1560.778 1557.595 1553.854 1549.812 1545.507 1541.178 1537.3 1533.63 1529.954 1526.285 1522.635 1519.015 1515.423 1511.855 1508.309 1504.763 1501.197 1497.598 1493.952 1490.246 1486.478 1482.654 1478.785 1474.885 1470.98 1467.098 1463.256 1459.473
1708.923 1704.24 1698.814 1692.859 1686.639 1680.047 1673.219 1666.479 1659.724 1653.619 1648.611 1643.827 1639.364 1635.497 1632.013 1628.345 1624.195 1620.445 1617.152 1613.885 1610.643 1607.414 1604.184 1600.962 1597.761 1594.586 1591.456 1588.391 1585.401 1582.495 1579.663 1577.429 1575.207 1572.915 1570.474 1568.159 1565.26 1562.144 1559.013 1555.135 1551.039 1547.109 1542.908 1538.771 1534.835 1531.152 1527.475 1523.814 1520.175 1516.567 1512.997 1509.455 1505.918 1502.371 1498.797 1495.18 1491.51 1487.783 1483.997 1480.156 1476.275 1472.378 1468.494 1464.642 1460.839
1710.586 1706.602 1701.621 1696.354 1690.695 1684.745 1678.375 1671.526 1664.464 1658.125 1652.615 1647.571 1642.707 1638.973 1635.255 1631.259 1627.149 1623.062 1619.273 1615.945 1612.639 1609.335 1606.027 1602.722 1599.432 1596.17 1592.956 1589.811 1586.746 1583.767 1580.865 1578.392 1576.187 1573.927 1571.632 1569.368 1566.352 1563.123 1559.81 1556.19 1552.449 1548.71 1544.339 1539.929 1536.042 1532.349 1528.657 1524.977 1521.319 1517.699 1514.125 1510.585 1507.057 1503.522 1499.962 1496.369 1492.733 1489.043 1485.294 1481.486 1477.631 1473.753 1469.876 1466.021 1462.204
1712.159 1708.647 1703.943 1698.99 1693.781 1688.467 1682.677 1676.363 1669.402 1662.616 1656.507 1651.006 1646.227 1642.336 1638.666 1634.716 1630.457 1626.151 1622.039 1618.707 1615.407 1612.246 1608.786 1604.886 1601.167 1597.813 1594.507 1591.272 1588.127 1585.076 1582.11 1579.621 1577.275 1574.92 1572.487 1569.953 1567.063 1563.776 1560.297 1556.997 1553.491 1549.73 1545.464 1541.143 1537.208 1533.509 1529.807 1526.115 1522.446 1518.817 1515.238 1511.694 1508.167 1504.638 1501.09 1497.522 1493.919 1490.263 1486.548 1482.773 1478.949 1475.097 1471.233 1467.379 1463.554
1713.043 1709.574 1705.055 1700.252 1695.574 1690.853 1685.891 1680.133 1673.711 1666.984 1660.333 1654.512 1649.592 1645.594 1641.827 1638.329 1634.156 1629.719 1625.585 1621.914 1618.821 1615.277 1611.21 1607.101 1602.964 1599.5 1596.099 1592.776 1589.55 1586.428 1583.398 1580.482 1578.299 1575.927 1573.353 1570.586 1567.899 1564.598 1561.027 1557.967 1554.564 1550.884 1547.183 1543.087 1538.78 1534.629 1530.927 1527.234 1523.564 1519.932 1516.343 1512.787 1509.251 1505.719 1502.177 1498.627 1495.05 1491.424 1487.744 1484.01 1480.224 1476.404 1472.563 1468.722 1464.898
1713.384 1709.805 1705.322 1700.644 1696.517 1692.515 1688.309 1683.05 1677.166 1670.502 1663.783 1657.859 1652.753 1648.974 1645.337 1641.768 1637.859 1633.371 1629.406 1625.587 1622.049 1618.3 1613.852 1609.297 1604.762 1601.224 1597.733 1594.324 1591.021 1587.827 1584.726 1581.784 1579.562 1577.115 1574.541 1571.868 1569.204 1565.844 1562.404 1559.277 1555.794 1552.331 1548.938 1544.904 1540.652 1536.127 1532.035 1528.352 1524.687 1521.052 1517.449 1513.869 1510.314 1506.773 1503.232 1499.692 1496.134 1492.536 1488.891 1485.199 1481.459 1477.68 1473.869 1470.044 1466.233
1713.572 1709.762 1705.222 1700.636 1696.873 1693.296 1689.503 1684.853 1679.523 1673.576 1667.428 1661.404 1656.274 1652.184 1648.594 1644.956 1641.216 1637.352 1633.099 1628.965 1624.915 1620.725 1616.181 1611.234 1606.588 1602.971 1599.399 1595.906 1592.519 1589.244 1586.064 1582.956 1580.459 1578.234 1575.715 1572.95 1570.01 1566.805 1563.351 1559.935 1556.489 1553.135 1549.816 1546.144 1542.319 1538.282 1533.41 1529.48 1525.819 1522.174 1518.548 1514.941 1511.362 1507.807 1504.265 1500.734 1497.192 1493.619 1490.009 1486.356 1482.653 1478.905 1475.125 1471.335 1467.548
1713.596 1709.674 1705.073 1700.546 1697.017 1693.658 1690.096 1686.063 1681.271 1676.085 1670.396 1664.71 1659.42 1654.972 1651.151 1647.846 1644.492 1640.532 1636.184 1631.702 1627.569 1623.288 1618.656 1613.504 1608.412 1604.725 1601.08 1597.511 1594.044 1590.685 1587.421 1584.311 1581.843 1579.567 1576.955 1574.028 1570.822 1567.713 1564.018 1560.209 1556.725 1553.375 1550.067 1546.7 1543.191 1539.351 1534.632 1530.616 1526.957 1523.295 1519.642 1516.007 1512.403 1508.835 1505.293 1501.768 1498.241 1494.692 1491.116 1487.499 1483.827 1480.106 1476.355 1472.592 1468.829
1713.552 1709.63 1705.071 1700.647 1697.349 1694.189 1690.812 1687.362 1683.07 1678.318 1672.901 1667.489 1661.974 1657.56 1653.919 1650.731 1647.728 1643.623 1639.175 1634.663 1630.317 1625.837 1620.835 1615.48 1610.225 1606.471 1602.759 1599.122 1595.581 1592.147 1588.806 1585.63 1583.086 1580.548 1578.162 1575.286 1572.14 1568.872 1564.653 1560.398 1556.808 1553.385 1550.052 1546.835 1543.482 1539.733 1535.359 1531.726 1528.067 1524.395 1520.725 1517.075 1513.458 1509.88 1506.332 1502.808 1499.29 1495.76 1492.207 1488.612 1484.966 1481.276 1477.556 1473.822 1470.083
1713.511 1709.691 1705.359 1701.165 1698.153 1695.172 1692.067 1688.788 1684.426 1679.651 1674.544 1669.413 1664.345 1660.032 1656.664 1653.525 1650.225 1646.229 1641.724 1637.449 1633.137 1628.53 1623.231 1617.534 1612.029 1608.209 1604.433 1600.733 1597.128 1593.622 1590.204 1587.017 1584.436 1581.896 1579.438 1576.345 1573.044 1569.479 1565.083 1560.96 1557.576 1554.141 1550.654 1547.123 1543.664 1540.022 1536.418 1532.797 1529.143 1525.472 1521.802 1518.15 1514.531 1510.946 1507.386 1503.856 1500.342 1496.823 1493.281 1489.697 1486.069 1482.405 1478.715 1475.007 1471.292
1713.48 1709.831 1705.967 1702.281 1699.338 1696.229 1693.029 1689.538 1685.199 1680.449 1675.758 1670.998 1666.527 1662.41 1659.429 1656.284 1652.779 1648.873 1644.528 1640.241 1635.861 1630.963 1625.557 1619.54 1613.832 1609.958 1606.127 1602.369 1598.697 1595.116 1591.618 1588.191 1585.524 1582.771 1579.954 1576.804 1573.435 1569.765 1565.507 1561.823 1558.439 1555.018 1551.56 1548.065 1544.541 1541.003 1537.44 1533.834 1530.194 1526.535 1522.876 1519.234 1515.616 1512.021 1508.449 1504.91 1501.389 1497.87 1494.33 1490.752 1487.141 1483.503 1479.842 1476.159 1472.465
1713.433 1709.928 1706.398 1703.032 1699.992 1697.013 1693.739 1690.057 1685.931 1681.394 1677.229 1673.032 1669.124 1665.516 1662.259 1658.924 1655.117 1651.048 1647.032 1642.904 1638.597 1633.654 1628.228 1622.146 1616.209 1611.724 1607.848 1604.034 1600.293 1596.629 1593.043 1589.526 1586.411 1583.297 1580.104 1576.879 1573.518 1569.942 1566.081 1562.666 1559.284 1555.878 1552.445 1548.981 1545.487 1541.984 1538.645 1534.847 1531.23 1527.594 1523.957 1520.327 1516.707 1513.1 1509.516 1505.962 1502.427 1498.896 1495.352 1491.779 1488.185 1484.575 1480.941 1477.28 1473.6
1713.385 1710.002 1706.792 1703.667 1700.629 1697.906 1694.618 1690.885 1687.142 1682.961 1678.999 1675.045 1671.338 1668.316 1664.781 1661.026 1657.273 1653.294 1649.321 1645.185 1640.806 1636.131 1630.869 1625.3 1619.632 1614.083 1609.586 1605.717 1601.906 1598.155 1594.472 1590.857 1587.306 1583.81 1580.365 1576.963 1573.588 1570.228 1566.865 1563.494 1560.113 1556.721 1553.31 1549.873 1546.408 1542.969 1539.561 1535.846 1532.26 1528.656 1525.042 1521.418 1517.789 1514.17 1510.575 1507.005 1503.446 1499.897 1496.343 1492.77 1489.188 1485.596 1481.982 1478.337 1474.671
1713.415 1710.16 1707.363 1704.582 1701.831 1699.199 1695.842 1692.256 1688.659 1684.413 1680.369 1676.973 1673.607 1670.426 1667.039 1663.271 1659.384 1655.293 1651.144 1647.18 1642.927 1638.498 1633.511 1628.36 1622.875 1617.324 1611.517 1607.401 1603.516 1599.677 1595.898 1592.187 1588.541 1584.952 1581.423 1577.947 1574.509 1571.1 1567.709 1564.325 1560.945 1557.566 1554.173 1550.759 1547.316 1543.844 1540.353 1536.835 1533.288 1529.716 1526.116 1522.489 1518.848 1515.214 1511.605 1508.015 1504.433 1500.861 1497.292 1493.714 1490.132 1486.55 1482.952 1479.325 1475.676
1713.664 1710.598 1708.218 1705.587 1702.814 1699.953 1696.775 1693.262 1689.598 1685.615 1681.696 1678.908 1675.752 1672.557 1669.179 1665.299 1661.161 1657.149 1652.982 1648.918 1644.495 1640.035 1635.485 1630.66 1625.536 1619.971 1614.322 1609.062 1605.108 1601.189 1597.321 1593.512 1589.769 1586.09 1582.483 1578.938 1575.443 1571.992 1568.576 1565.179 1561.795 1558.417 1555.034 1551.638 1548.214 1544.765 1541.3 1537.817 1534.306 1530.758 1527.163 1523.529 1519.875 1516.224 1512.596 1508.984 1505.377 1501.778 1498.191 1494.606 1491.021 1487.442 1483.856 1480.248 1476.621
1714.234 1711.606 1709.401 1706.654 1703.743 1700.677 1697.7 1694.137 1690.401 1687.063 1683.57 1680.523 1677.596 1674.4 1670.832 1667.146 1663.011 1658.837 1654.299 1649.884 1645.515 1641.194 1637.2 1632.823 1628.06 1622.51 1617.067 1611.589 1606.675 1602.683 1598.731 1594.831 1590.996 1587.234 1583.552 1579.948 1576.406 1572.916 1569.469 1566.053 1562.662 1559.281 1555.9 1552.51 1549.103 1545.676 1542.236 1538.779 1535.293 1532.03 1528.515 1524.532 1520.864 1517.195 1513.542 1509.904 1506.271 1502.648 1499.041 1495.445 1491.853 1488.271 1484.695 1481.11 1477.51
1714.765 1712.283 1709.957 1707.502 1704.793 1701.916 1698.984 1695.235 1691.456 1688.745 1685.457 1682.369 1679.431 1676.176 1672.593 1668.808 1664.326 1659.759 1655.073 1650.515 1646.472 1642.579 1638.894 1634.752 1630.324 1625.42 1620.156 1614.696 1609.167 1604.152 1600.129 1596.15 1592.235 1588.4 1584.654 1580.995 1577.406 1573.875 1570.394 1566.953 1563.543 1560.15 1556.767 1553.379 1549.982 1546.571 1543.148 1539.707 1536.252 1533.268 1530.037 1526.135 1521.813 1518.121 1514.436 1510.766 1507.107 1503.461 1499.831 1496.22 1492.622 1489.04 1485.474 1481.91 1478.339
1715.346 1712.898 1710.456 1708.361 1705.798 1702.932 1699.865 1696.429 1692.91 1689.888 1686.871 1683.822 1680.703 1677.586 1673.815 1669.656 1665.027 1660.32 1655.793 1651.317 1647.541 1643.759 1640.037 1636.374 1632.54 1628.271 1623.187 1617.675 1611.609 1605.8 1601.515 1597.473 1593.494 1589.596 1585.793 1582.083 1578.445 1574.867 1571.349 1567.879 1564.443 1561.03 1557.63 1554.234 1550.839 1547.435 1544.019 1540.586 1537.123 1534.214 1531.395 1528.279 1523.587 1518.998 1515.28 1511.571 1507.879 1504.209 1500.56 1496.932 1493.325 1489.742 1486.184 1482.64 1479.1
1716.187 1713.827 1711.543 1709.486 1706.813 1703.874 1700.719 1697.673 1694.231 1690.897 1688.13 1685.17 1682.103 1678.896 1674.673 1670.133 1665.588 1661.072 1656.979 1652.786 1648.99 1645.082 1641.216 1637.941 1634.563 1630.559 1625.749 1620.026 1613.874 1607.627 1602.891 1598.796 1594.766 1590.819 1586.968 1583.209 1579.523 1575.902 1572.341 1568.829 1565.358 1561.917 1558.491 1555.075 1551.666 1548.256 1544.839 1541.404 1537.941 1534.975 1532.45 1529.412 1524.891 1519.95 1516.06 1512.317 1508.595 1504.899 1501.229 1497.589 1493.977 1490.392 1486.837 1483.305 1479.79
1717.155 1714.738 1712.348 1710.021 1707.611 1704.895 1702.001 1699.126 1695.616 1692.286 1689.41 1686.23 1682.989 1679.51 1675.177 1670.583 1666.405 1662.351 1658.514 1654.221 1650.226 1646.698 1643.086 1639.839 1636.832 1633.123 1628.338 1622.313 1615.941 1609.189 1604.257 1600.116 1596.043 1592.056 1588.162 1584.357 1580.629 1576.971 1573.37 1569.811 1566.295 1562.812 1559.348 1555.9 1552.467 1549.043 1545.614 1542.169 1538.696 1535.497 1532.982 1529.776 1525.326 1520.53 1516.757 1512.988 1509.245 1505.531 1501.845 1498.195 1494.58 1490.996 1487.441 1483.917 1480.418
1717.863 1715.549 1713.083 1710.554 1708.423 1705.774 1702.843 1699.8 1696.382 1693.046 1689.944 1686.764 1683.473 1679.896 1675.748 1671.407 1667.544 1663.62 1659.674 1655.53 1651.575 1648.595 1645.097 1641.738 1639.214 1635.678 1630.78 1624.852 1618.155 1610.956 1605.616 1601.439 1597.328 1593.3 1589.365 1585.519 1581.752 1578.057 1574.414 1570.81 1567.247 1563.716 1560.205 1556.715 1553.245 1549.791 1546.338 1542.874 1539.385 1535.92 1533.255 1529.847 1525.351 1521.153 1517.369 1513.586 1509.826 1506.096 1502.402 1498.75 1495.135 1491.552 1488.004 1484.488 1480.999
1718.629 1716.453 1714.068 1711.689 1709.474 1706.502 1703.302 1700.029 1696.726 1693.413 1690.18 1687.15 1684.009 1680.655 1677.135 1673.163 1669.25 1665.173 1661.046 1657.222 1653.542 1650.368 1647.271 1644.213 1641.474 1638.111 1633.157 1627.262 1620.224 1612.903 1606.979 1602.768 1598.621 1594.555 1590.579 1586.694 1582.887 1579.149 1575.461 1571.861 1568.639 1564.616 1561.05 1557.508 1553.994 1550.502 1547.019 1543.529 1540.015 1536.533 1533.404 1529.764 1525.475 1521.7 1517.906 1514.116 1510.348 1506.611 1502.916 1499.264 1495.651 1492.077 1488.538 1485.029 1481.547
1719.654 1717.32 1714.861 1712.399 1709.886 1706.827 1703.535 1700.201 1697.169 1693.985 1690.75 1688.105 1685.232 1682.171 1678.971 1675.113 1671.027 1667.088 1663.07 1659.278 1655.638 1652.368 1649.345 1646.255 1643.138 1639.515 1634.77 1629.061 1622.28 1615.29 1608.442 1604.093 1599.913 1595.813 1591.8 1587.875 1584.025 1580.237 1576.496 1573.037 1569.498 1565.497 1561.879 1558.284 1554.721 1551.188 1547.671 1544.15 1540.606 1537.027 1533.402 1529.72 1525.979 1522.196 1518.393 1514.599 1510.83 1507.092 1503.396 1499.747 1496.145 1492.581 1489.049 1485.545 1482.068
1719.978 1717.7 1715.242 1712.688 1709.999 1706.984 1703.833 1700.671 1698.036 1695.032 1692.01 1689.401 1686.542 1683.599 1680.467 1677.07 1673.156 1669.203 1665.102 1661.058 1657.492 1654.058 1650.758 1647.734 1644.296 1640.379 1636.002 1630.714 1624.579 1617.771 1610.75 1605.391 1601.185 1597.05 1592.996 1589.025 1585.129 1581.291 1577.5 1573.747 1570.031 1566.346 1562.682 1559.04 1555.431 1551.856 1548.304 1544.752 1541.178 1537.566 1533.908 1530.197 1526.438 1522.643 1518.835 1515.036 1511.264 1507.531 1503.844 1500.21 1496.62 1493.063 1489.534 1486.034 1482.562
