auxillary_inputs/dems/sew/initial_conditions/pg24f_ic5etch.txt
ncols         436
nrows         413
xllcorner     1121548.2005005
yllcorner     886503.6505127
cellsize      24
NODATA_value  -9999
[rows 319 to 347 of 413, columns 130 to 194 of 436]
1740.541 1740.044 1739.717 1739.52 1739.394 1739.292 1739.149 1738.914 1738.595 1738.235 1737.893 1737.678 1737.575 1737.539 1737.525 1737.499 1737.422 1737.267 1737.044 1736.777 1736.619 1736.556 1736.523 1736.442 1736.244 1735.866 1735.395 1734.666 1733.575 1731.97 1729.754 1727.158 1724.766 1723.361 1723.579 1725.6 1728.893 1732.633 1736.085 1738.8 1740.689 1741.916 1742.719 1743.334 1743.942 1744.707 1745.753 1747.212 1749.105 1751.441 1754.02 1756.561 1758.818 1760.647 1762.057 1763.136 1763.993 1764.778 1765.403 1765.937 1766.454 -9999 -9999 -9999 -9999
1743.776 1743.228 1742.855 1742.603 1742.408 1742.245 1742.046 1741.762 1741.405 1741.02 1740.653 1740.4 1740.239 1740.128 1740.031 1739.92 1739.753 1739.489 1739.181 1738.844 1738.64 1738.542 1738.469 1738.34 1738.108 1737.72 1737.259 1736.603 1735.648 1734.229 1732.211 1729.775 1727.442 1725.925 1725.833 1727.468 1730.528 1734.284 1737.99 1741.108 1743.388 1744.897 1745.835 1746.434 1746.891 1747.414 1748.173 1749.312 1750.864 1752.879 1755.184 1757.471 1759.5 1761.167 1762.497 1763.493 1764.225 1764.976 1765.625 1766.104 -9999 -9999 -9999 -9999 -9999
1747.073 1746.465 1746.011 1745.673 1745.395 1745.167 1744.926 1744.626 1744.283 1743.925 1743.566 1743.27 1743.01 1742.762 1742.512 1742.267 1741.988 1741.62 1741.255 1740.888 1740.658 1740.52 1740.385 1740.173 1739.903 1739.53 1739.087 1738.551 1737.795 1736.645 1734.931 1732.773 1730.603 1729.012 1728.62 1729.783 1732.437 1736.02 1739.803 1743.183 1745.784 1747.557 1748.671 1749.319 1749.727 1750.11 1750.669 1751.54 1752.79 1754.458 1756.416 1758.378 1760.132 1761.618 1762.86 1763.813 1764.459 1765.104 1765.843 -9999 -9999 -9999 -9999 -9999 -9999
1750.389 1749.743 1749.228 1748.822 1748.494 1748.222 1747.948 1747.647 1747.331 1746.996 1746.638 1746.268 1745.85 1745.395 1744.941 1744.517 1744.124 1743.695 1743.321 1742.967 1742.726 1742.539 1742.338 1742.044 1741.723 1741.36 1740.944 1740.559 1740.055 1739.234 1737.904 1736.085 1734.099 1732.452 1731.759 1732.431 1734.582 1737.854 1741.573 1745.089 1747.932 1749.931 1751.206 1751.934 1752.349 1752.677 1753.106 1753.75 1754.698 1756 1757.568 1759.182 1760.662 1761.934 1763.031 1763.929 1764.543 1765.133 1765.909 1766.467 -9999 -9999 -9999 -9999 -9999
1753.728 1753.083 1752.571 1752.154 1751.815 1751.525 1751.23 1750.918 1750.587 1750.226 1749.823 1749.339 1748.723 1748.024 1747.338 1746.723 1746.224 1745.768 1745.42 1745.116 1744.869 1744.617 1744.361 1744.027 1743.637 1743.249 1742.864 1742.614 1742.368 1741.897 1740.966 1739.493 1737.695 1735.996 1734.983 1735.158 1736.777 1739.69 1743.279 1746.853 1749.871 1752.061 1753.464 1754.276 1754.717 1755.046 1755.387 1755.823 1756.431 1757.307 1758.433 1759.697 1760.913 1762.03 1763.05 1763.93 1764.543 1765.122 1765.917 1766.537 -9999 -9999 -9999 -9999 -9999
1757.078 1756.49 1756.042 1755.683 1755.373 1755.079 1754.758 1754.394 1753.996 1753.564 1753.066 1752.44 1751.626 1750.685 1749.765 1748.969 1748.366 1747.893 1747.565 1747.289 1747.019 1746.693 1746.385 1746.025 1745.568 1745.143 1744.793 1744.66 1744.642 1744.511 1743.944 1742.801 1741.176 1739.421 1738.095 1737.8 1738.944 1741.517 1744.954 1748.536 1751.671 1754.001 1755.502 1756.374 1756.841 1757.175 1757.426 1757.649 1757.887 1758.308 1759.003 1759.921 1760.95 1761.994 1763.002 1763.897 1764.533 1765.123 1765.935 1766.62 -9999 -9999 -9999 -9999 -9999
1760.417 1759.923 1759.578 1759.305 1759.037 1758.735 1758.366 1757.933 1757.452 1756.937 1756.343 1755.582 1754.598 1753.456 1752.336 1751.365 1750.636 1750.121 1749.762 1749.432 1749.097 1748.69 1748.314 1747.918 1747.424 1746.971 1746.684 1746.662 1746.832 1746.987 1746.738 1745.887 1744.416 1742.623 1741.037 1740.345 1741.101 1743.383 1746.684 1750.249 1753.438 1755.843 1757.394 1758.286 1758.756 1759.057 1759.232 1759.25 1759.151 1759.17 1759.48 1760.062 1760.949 1761.953 1762.967 1763.894 1764.598 1765.207 1766.013 1766.778 1767.155 -9999 -9999 -9999 -9999
1763.766 1763.354 1763.102 1762.893 1762.641 1762.312 1761.89 1761.399 1760.858 1760.287 1759.635 1758.787 1757.69 1756.409 1755.121 1753.97 1753.08 1752.464 1752.001 1751.554 1751.112 1750.6 1750.118 1749.677 1749.188 1748.754 1748.556 1748.642 1748.96 1749.328 1749.334 1748.714 1747.379 1745.583 1743.844 1742.922 1743.426 1745.471 1748.61 1752.094 1755.253 1757.651 1759.199 1760.068 1760.54 1760.807 1760.914 1760.798 1760.496 1760.226 1760.197 1760.472 1761.191 1762.105 1763.085 1764.025 1764.831 1765.48 1766.166 1766.899 1767.385 1767.916 -9999 -9999 -9999
1767.163 1766.785 1766.566 1766.375 1766.112 1765.74 1765.271 1764.745 1764.187 1763.614 1762.953 1762.084 1760.937 1759.576 1758.155 1756.831 1755.755 1754.957 1754.315 1753.712 1753.133 1752.504 1751.906 1751.407 1750.932 1750.575 1750.475 1750.666 1751.111 1751.629 1751.818 1751.358 1750.134 1748.38 1746.639 1745.685 1746.073 1747.927 1750.869 1754.182 1757.194 1759.487 1760.984 1761.814 1762.286 1762.567 1762.621 1762.43 1762.037 1761.656 1761.469 1761.574 1762.054 1762.753 1763.592 1764.428 1765.181 1765.852 1766.462 1767.032 1767.524 1767.987 -9999 -9999 -9999
1770.664 1770.25 1769.99 1769.769 1769.483 1769.073 1768.569 1768.035 1767.492 1766.953 1766.329 1765.49 1764.351 1762.959 1761.45 1759.981 1758.705 1757.671 1756.807 1756.016 1755.271 1754.528 1753.839 1753.278 1752.804 1752.526 1752.522 1752.825 1753.388 1754.009 1754.303 1753.948 1752.824 1751.169 1749.558 1748.688 1749.053 1750.762 1753.484 1756.563 1759.333 1761.427 1762.812 1763.619 1764.087 1764.394 1764.424 1764.188 1763.762 1763.36 1763.079 1763.071 1763.376 1763.879 1764.516 1765.166 1765.827 1766.294 1766.835 1767.276 1767.692 1768.064 -9999 -9999 -9999
1774.338 1773.823 1773.461 1773.17 1772.848 1772.424 1771.914 1771.38 1770.858 1770.352 1769.782 1769.004 1767.918 1766.536 1764.981 1763.401 1761.943 1760.661 1759.55 1758.548 1757.631 1756.783 1756.015 1755.395 1754.94 1754.714 1754.793 1755.196 1755.842 1756.52 1756.87 1756.581 1755.556 1754.049 1752.6 1751.867 1752.272 1753.893 1756.397 1759.192 1761.675 1763.515 1764.729 1765.49 1765.948 1766.247 1766.234 1765.957 1765.56 1765.172 1764.848 1764.753 1764.897 1765.204 1765.676 1766.131 1766.664 1766.985 1767.232 1767.598 1767.985 1768.343 1768.697 -9999 -9999
1778.208 1777.558 1777.068 1776.68 1776.309 1775.88 1775.389 1774.863 1774.352 1773.865 1773.335 1772.619 1771.608 1770.273 1768.714 1767.068 1765.467 1763.97 1762.613 1761.395 1760.305 1759.335 1758.484 1757.815 1757.387 1757.217 1757.358 1757.815 1758.494 1759.179 1759.538 1759.276 1758.323 1756.948 1755.685 1755.127 1755.614 1757.186 1759.49 1761.981 1764.145 1765.7 1766.696 1767.354 1767.769 1768.017 1767.927 1767.621 1767.281 1766.937 1766.653 1766.502 1766.471 1766.584 1766.841 1767.1 1767.452 1767.768 1767.909 1768.057 1768.336 1768.646 1768.958 -9999 -9999
1782.25 1781.466 1780.841 1780.338 1779.908 1779.479 1779.021 1778.52 1778.011 1777.521 1777.003 1776.33 1775.39 1774.132 1772.613 1770.947 1769.248 1767.592 1766.036 1764.618 1763.357 1762.25 1761.311 1760.605 1760.187 1760.06 1760.23 1760.683 1761.327 1761.944 1762.231 1761.945 1761.035 1759.784 1758.705 1758.327 1758.904 1760.446 1762.581 1764.779 1766.599 1767.842 1768.585 1769.085 1769.428 1769.586 1769.433 1769.097 1768.805 1768.543 1768.341 1768.156 1767.949 1767.891 1767.953 1768.046 1768.19 1768.39 1768.474 1768.544 1768.676 1768.832 1768.997 -9999 -9999
1786.399 1785.512 1784.759 1784.147 1783.66 1783.234 1782.814 1782.351 1781.848 1781.333 1780.794 1780.134 1779.246 1778.074 1776.628 1774.988 1773.242 1771.482 1769.787 1768.21 1766.799 1765.564 1764.535 1763.787 1763.348 1763.214 1763.358 1763.739 1764.247 1764.7 1764.838 1764.478 1763.578 1762.427 1761.532 1761.32 1761.973 1763.469 1765.436 1767.361 1768.859 1769.797 1770.302 1770.639 1770.86 1770.907 1770.734 1770.369 1770.095 1769.917 1769.776 1769.558 1769.196 1769.03 1769.007 1769.025 1769.048 1769.068 1769.013 1768.988 1768.992 1768.998 1769.019 -9999 -9999
1790.534 1789.599 1788.767 1788.085 1787.563 1787.151 1786.773 1786.348 1785.845 1785.292 1784.693 1784.001 1783.142 1782.05 1780.696 1779.116 1777.378 1775.573 1773.794 1772.107 1770.575 1769.223 1768.106 1767.295 1766.801 1766.599 1766.637 1766.844 1767.1 1767.275 1767.196 1766.719 1765.806 1764.75 1764.063 1764.027 1764.747 1766.17 1767.946 1769.634 1770.884 1771.588 1771.909 1772.085 1772.145 1772.084 1771.908 1771.584 1771.279 1771.081 1770.945 1770.707 1770.27 1770.068 1770.023 1770 1769.916 1769.78 1769.507 1769.353 1769.284 1769.257 1769.299 -9999 -9999
1794.529 1793.619 1792.785 1792.1 1791.591 1791.216 1790.874 1790.467 1789.945 1789.327 1788.636 1787.877 1787.016 1785.987 1784.731 1783.237 1781.559 1779.771 1777.961 1776.208 1774.585 1773.132 1771.924 1771.018 1770.423 1770.079 1769.915 1769.838 1769.733 1769.51 1769.121 1768.479 1767.566 1766.668 1766.242 1766.42 1767.234 1768.582 1770.162 1771.639 1772.713 1773.293 1773.499 1773.535 1773.464 1773.292 1773.099 1772.818 1772.491 1772.191 1771.998 1771.738 1771.274 1771.063 1770.995 1770.887 1770.566 1770.17 1769.823 1769.656 1769.599 1769.59 -9999 -9999 -9999
1798.279 1797.473 1796.725 1796.115 1795.675 1795.353 1795.034 1794.613 1794.036 1793.326 1792.535 1791.697 1790.805 1789.814 1788.65 1787.266 1785.692 1783.972 1782.18 1780.4 1778.712 1777.174 1775.859 1774.825 1774.068 1773.511 1773.057 1772.607 1772.045 1771.344 1770.544 1769.666 1768.821 1768.235 1768.143 1768.587 1769.524 1770.827 1772.236 1773.517 1774.442 1774.923 1775.05 1774.993 1774.837 1774.613 1774.377 1774.044 1773.705 1773.316 1773.039 1772.741 1772.26 1772.02 1771.881 1771.673 1771.198 1770.71 1770.161 1769.994 -9999 -9999 -9999 -9999 -9999
1801.692 1801.063 1800.481 1800.012 1799.679 1799.414 1799.1 1798.635 1797.975 1797.168 1796.285 1795.375 1794.449 1793.475 1792.389 1791.124 1789.678 1788.058 1786.321 1784.545 1782.814 1781.197 1779.761 1778.572 1777.609 1776.785 1775.979 1775.099 1774.044 1772.879 1771.689 1770.674 1770.021 1769.85 1770.109 1770.787 1771.807 1773.055 1774.317 1775.422 1776.207 1776.581 1776.623 1776.469 1776.217 1775.971 1775.68 1775.265 1774.891 1774.492 1774.108 1773.751 1773.24 1772.915 1772.581 1772.239 1771.838 1771.208 1770.656 1770.424 -9999 -9999 -9999 -9999 -9999
1804.719 1804.313 1803.95 1803.662 1803.449 1803.237 1802.912 1802.38 1801.635 1800.744 1799.79 1798.833 1797.891 1796.936 1795.912 1794.754 1793.431 1791.926 1790.263 1788.508 1786.745 1785.051 1783.493 1782.129 1780.941 1779.821 1778.643 1777.333 1775.864 1774.394 1773.096 1772.213 1771.866 1772.012 1772.518 1773.303 1774.29 1775.399 1776.488 1777.425 1778.068 1778.354 1778.299 1778.022 1777.675 1777.362 1776.987 1776.526 1776.079 1775.673 1775.198 1774.783 1774.238 1773.823 1773.328 1772.986 1772.57 1771.884 1771.244 1770.971 -9999 -9999 -9999 -9999 -9999
1807.357 1807.193 1807.061 1806.96 1806.863 1806.698 1806.361 1805.77 1804.957 1804.011 1803.022 1802.052 1801.125 1800.209 1799.245 1798.165 1796.933 1795.525 1793.934 1792.199 1790.401 1788.629 1786.949 1785.412 1783.999 1782.589 1781.071 1779.425 1777.732 1776.239 1775.109 1774.519 1774.475 1774.853 1775.484 1776.246 1777.092 1777.977 1778.853 1779.609 1780.108 1780.271 1780.087 1779.69 1779.234 1778.824 1778.37 1777.837 1777.292 1776.83 1776.312 1775.845 1775.275 1774.791 1774.214 1773.777 1773.209 1772.585 1772.009 -9999 -9999 -9999 -9999 -9999 -9999
1809.63 1809.695 1809.783 1809.848 1809.856 1809.742 1809.415 1808.803 1807.967 1807.007 1806.022 1805.081 1804.205 1803.352 1802.45 1801.411 1800.219 1798.857 1797.301 1795.569 1793.731 1791.878 1790.083 1788.389 1786.762 1785.085 1783.295 1781.444 1779.721 1778.417 1777.612 1777.39 1777.654 1778.217 1778.89 1779.557 1780.201 1780.832 1781.465 1782.018 1782.351 1782.365 1782.062 1781.549 1780.963 1780.418 1779.869 1779.233 1778.611 1778.042 1777.489 1776.921 1776.308 1775.735 1775.112 1774.576 1773.994 1773.405 -9999 -9999 -9999 -9999 -9999 -9999 -9999
1811.603 1811.847 1812.108 1812.313 1812.421 1812.373 1812.096 1811.524 1810.721 1809.798 1808.856 1807.973 1807.176 1806.401 1805.552 1804.533 1803.332 1801.958 1800.379 1798.607 1796.713 1794.785 1792.891 1791.056 1789.225 1787.318 1785.332 1783.411 1781.826 1780.819 1780.412 1780.572 1781.117 1781.814 1782.485 1783.041 1783.483 1783.867 1784.242 1784.567 1784.726 1784.597 1784.203 1783.603 1782.934 1782.276 1781.588 1780.823 1780.057 1779.311 1778.632 1777.88 1777.125 1776.5 1775.948 1775.396 -9999 -9999 -9999 -9999 -9999 -9999 -9999 -9999 -9999
1813.336 1813.712 1814.067 1814.391 1814.613 1814.658 1814.474 1814.012 1813.307 1812.471 1811.602 1810.781 1810.049 1809.329 1808.52 1807.515 1806.291 1804.877 1803.25 1801.418 1799.451 1797.433 1795.427 1793.434 1791.408 1789.313 1787.227 1785.382 1784.034 1783.355 1783.315 1783.798 1784.561 1785.335 1785.981 1786.426 1786.691 1786.858 1786.995 1787.107 1787.109 1786.87 1786.399 1785.768 1785.078 1784.342 1783.521 1782.598 1781.616 1780.611 1779.646 1778.688 1777.829 1777.182 1776.722 -9999 -9999 -9999 -9999 -9999 -9999 -9999 -9999 -9999 -9999
1814.876 1815.357 1815.761 1816.18 1816.538 1816.692 1816.621 1816.306 1815.745 1815.043 1814.272 1813.504 1812.79 1812.091 1811.307 1810.317 1809.085 1807.631 1805.946 1804.043 1801.989 1799.872 1797.73 1795.552 1793.34 1791.122 1789.051 1787.367 1786.291 1785.919 1786.162 1786.858 1787.741 1788.526 1789.124 1789.455 1789.572 1789.564 1789.515 1789.47 1789.348 1789.036 1788.525 1787.909 1787.223 1786.433 1785.517 1784.438 1783.221 1781.891 1780.543 1779.351 1778.439 1777.916 -9999 -9999 -9999 -9999 -9999 -9999 -9999 -9999 -9999 -9999 -9999
1816.278 1816.808 1817.253 1817.75 1818.236 1818.483 1818.505 1818.324 1817.929 1817.375 1816.735 1816.035 1815.334 1814.643 1813.889 1812.926 1811.703 1810.232 1808.491 1806.506 1804.364 1802.12 1799.799 1797.432 1795.083 1792.823 1790.833 1789.363 1788.57 1788.444 1788.873 1789.656 1790.53 1791.244 1791.749 1791.961 1791.962 1791.833 1791.683 1791.557 1791.36 1790.981 1790.46 1789.866 1789.198 1788.393 1787.43 1786.214 1784.782 1783.162 1781.577 1780.299 1779.378 -9999 -9999 -9999 -9999 -9999 -9999 -9999 -9999 -9999 -9999 -9999 -9999
1817.581 1818.068 1818.528 1819.058 1819.601 1819.909 1819.993 1819.916 1819.671 1819.251 1818.77 1818.193 1817.559 1816.899 1816.21 1815.302 1814.12 1812.649 1810.87 1808.831 1806.582 1804.164 1801.659 1799.168 1796.773 1794.591 1792.805 1791.578 1790.989 1791.007 1791.504 1792.245 1792.982 1793.529 1793.876 1793.943 1793.859 1793.691 1793.531 1793.39 1793.162 1792.73 1792.185 1791.591 1790.931 1790.12 1789.127 1787.84 1786.308 1784.596 1782.968 1781.651 1780.692 -9999 -9999 -9999 -9999 -9999 -9999 -9999 -9999 -9999 -9999 -9999 -9999
1818.673 1819.093 1819.492 1819.989 1820.496 1820.868 1820.998 1820.979 1820.823 1820.495 1820.178 1819.813 1819.344 1818.771 1818.183 1817.369 1816.289 1814.861 1813.096 1811.011 1808.627 1806.04 1803.403 1800.862 1798.547 1796.594 1795.107 1794.143 1793.726 1793.814 1794.263 1794.844 1795.34 1795.627 1795.732 1795.64 1795.49 1795.327 1795.164 1795.029 1794.803 1794.373 1793.799 1793.175 1792.499 1791.67 1790.643 1789.346 1787.85 1786.197 1784.612 1783.299 -9999 -9999 -9999 -9999 -9999 -9999 -9999 -9999 -9999 -9999 -9999 -9999 -9999
1819.377 1819.807 1820.127 1820.592 1821.051 1821.408 1821.587 1821.602 1821.494 1821.267 1821.125 1820.934 1820.645 1820.192 1819.73 1819.045 1818.15 1816.85 1815.155 1813.023 1810.5 1807.786 1805.087 1802.605 1800.513 1798.897 1797.765 1797.109 1796.901 1797.048 1797.395 1797.747 1797.939 1797.893 1797.687 1797.393 1797.124 1796.928 1796.765 1796.624 1796.379 1795.948 1795.372 1794.701 1793.988 1793.123 1792.024 1790.74 1789.327 1787.807 1786.342 -9999 -9999 -9999 -9999 -9999 -9999 -9999 -9999 -9999 -9999 -9999 -9999 -9999 -9999
1819.76 1820.15 1820.584 1821.044 1821.492 1821.78 1821.989 1822.042 1822.033 1821.975 1821.89 1821.67 1821.462 1821.172 1820.834 1820.287 1819.628 1818.528 1816.953 1814.797 1812.18 1809.407 1806.755 1804.466 1802.705 1801.492 1800.777 1800.501 1800.567 1800.817 1801.083 1801.21 1801.086 1800.681 1800.111 1799.517 1799.053 1798.738 1798.526 1798.318 1797.975 1797.489 1796.888 1796.18 1795.428 1794.507 1793.38 1792.141 1790.812 1789.417 -9999 -9999 -9999 -9999 -9999 -9999 -9999 -9999 -9999 -9999 -9999 -9999 -9999 -9999 -9999
