auxillary_inputs/dems/sew/initial_conditions/pg24f_7etch.txt
ncols         436
nrows         413
xllcorner     1121548.2005005
yllcorner     886503.6505127
cellsize      24
NODATA_value  -9999
[rows 319 to 347 of 413, columns 130 to 194 of 436]
1742.575 1742.115 1741.723 1741.37 1741.024 1740.694 1740.356 1739.976 1739.553 1739.063 1738.593 1738.167 1737.803 1737.508 1737.495 1737.577 1737.649 1737.642 1737.442 1736.87 1736.495 1736.272 1736.222 1736.222 1736.166 1735.91 1735.345 1734.603 1733.852 1733.621 1733.471 1733.365 1733.276 1733.495 1733.961 1734.785 1735.959 1737.183 1738.375 1740.368 1741.898 1742.715 1743.206 1743.691 1744.763 1745.956 1747.283 1748.759 1750.441 1752.312 1754.312 1756.86 1759.535 1761.049 1762.256 1763.222 1764.018 1764.716 1765.362 1765.978 1766.574 -9999 -9999 -9999 -9999
1745.645 1745.166 1744.746 1744.356 1743.974 1743.615 1743.25 1742.838 1742.381 1741.867 1741.385 1740.922 1740.504 1740.135 1740.004 1739.991 1739.994 1739.953 1739.688 1738.793 1738.562 1738.278 1738.111 1738.141 1738.119 1737.873 1737.203 1736.491 1735.83 1735.618 1735.466 1735.365 1735.354 1735.591 1736.031 1736.823 1737.936 1739.184 1740.438 1742.304 1744.262 1745.467 1746.442 1746.847 1747.013 1748.056 1749.211 1750.475 1751.925 1753.593 1755.403 1757.75 1759.934 1761.423 1762.578 1763.517 1764.307 1765.003 1765.639 1766.238 -9999 -9999 -9999 -9999 -9999
1748.783 1748.285 1747.826 1747.387 1746.97 1746.585 1746.193 1745.76 1745.293 1744.783 1744.283 1743.779 1743.291 1742.839 1742.524 1742.265 1742.043 1741.773 1741.251 1740.906 1740.633 1740.33 1740.014 1740.026 1740.001 1739.767 1738.877 1738.278 1737.901 1737.722 1737.582 1737.507 1737.528 1737.739 1738.163 1738.909 1739.964 1741.219 1742.509 1744.023 1746.26 1747.786 1749.353 1749.866 1749.931 1750.175 1751.16 1752.252 1753.485 1754.906 1756.55 1758.673 1760.156 1761.571 1762.71 1763.648 1764.449 1765.157 1765.802 -9999 -9999 -9999 -9999 -9999 -9999
1751.969 1751.452 1750.957 1750.463 1750.018 1749.613 1749.2 1748.756 1748.284 1747.773 1747.252 1746.706 1746.227 1745.614 1745.102 1744.629 1744.207 1743.835 1743.477 1743.11 1742.777 1742.434 1742.08 1741.958 1741.719 1741.193 1740.547 1740.273 1740.076 1739.954 1739.867 1739.796 1739.823 1739.981 1740.369 1741.057 1742.078 1743.33 1744.653 1746.108 1748.387 1750.072 1751.454 1752.132 1752.381 1752.602 1753.09 1754.006 1755.034 1756.21 1757.931 1759.764 1760.787 1761.818 1762.798 1763.692 1764.496 1765.222 1765.883 1766.495 -9999 -9999 -9999 -9999 -9999
1755.2 1754.649 1754.115 1753.586 1753.128 1752.704 1752.286 1751.838 1751.349 1750.825 1750.279 1749.852 1749.371 1748.446 1747.829 1747.236 1746.699 1746.232 1745.806 1745.392 1744.997 1744.605 1744.245 1743.989 1743.62 1743.039 1742.705 1742.478 1742.423 1742.401 1742.177 1742.144 1742.195 1742.333 1742.68 1743.287 1744.228 1745.444 1746.814 1748.317 1750.445 1752.195 1753.455 1754.183 1754.595 1755.003 1755.504 1756.044 1756.636 1757.523 1758.723 1759.999 1760.952 1761.875 1762.794 1763.675 1764.494 1765.242 1765.924 1766.549 -9999 -9999 -9999 -9999 -9999
1758.461 1757.899 1757.36 1756.839 1756.375 1755.937 1755.497 1755.024 1754.493 1753.936 1753.349 1752.876 1752.03 1751.322 1750.627 1749.919 1749.283 1748.724 1748.223 1747.757 1747.326 1746.852 1746.413 1746.072 1745.665 1745.208 1744.893 1744.695 1744.75 1744.949 1744.641 1744.48 1744.531 1744.678 1744.999 1745.518 1746.376 1747.55 1748.948 1750.344 1752.379 1754.259 1755.471 1756.074 1756.594 1757.152 1757.784 1758.095 1758.162 1758.656 1759.366 1760.212 1761.091 1761.949 1762.748 1763.653 1764.498 1765.269 1765.966 1766.6 -9999 -9999 -9999 -9999 -9999
1761.732 1761.177 1760.647 1760.145 1759.678 1759.5 1759.292 1758.74 1757.665 1757.079 1756.631 1756.012 1755.057 1754.291 1753.499 1752.693 1751.97 1751.325 1750.742 1750.205 1749.69 1749.167 1748.696 1748.252 1747.841 1747.44 1747.114 1746.915 1746.911 1747.416 1747.432 1746.861 1746.844 1746.993 1747.235 1747.709 1748.514 1749.65 1751.065 1752.458 1754.182 1756.29 1757.604 1758.122 1758.447 1758.956 1759.782 1759.895 1759.413 1759.837 1760.325 1760.963 1761.68 1762.443 1763.171 1763.844 1764.579 1765.357 1766.054 1766.681 1767.252 -9999 -9999 -9999 -9999
1765.023 1764.469 1763.948 1763.454 1763.354 1763.148 1762.623 1761.762 1760.834 1760.244 1759.896 1759.3 1758.161 1757.343 1756.483 1755.615 1754.795 1754.045 1753.362 1752.73 1752.13 1751.547 1751.043 1750.58 1750.15 1749.726 1749.388 1749.17 1749.066 1749.722 1750.025 1749.884 1749.172 1749.321 1749.493 1749.903 1750.658 1751.75 1753.13 1754.522 1755.997 1758.255 1759.701 1760.02 1760.062 1760.254 1761.004 1761.211 1760.794 1761.076 1761.436 1761.898 1762.496 1763.134 1763.785 1764.325 1764.872 1765.556 1766.224 1766.822 1767.365 1767.867 -9999 -9999 -9999
1768.331 1767.782 1767.264 1766.771 1766.73 1766.376 1765.569 1764.661 1764.063 1763.465 1763.075 1762.382 1761.322 1760.471 1759.555 1758.634 1757.732 1756.886 1756.1 1755.37 1754.691 1754.058 1753.491 1752.972 1752.496 1752.057 1751.73 1751.499 1751.374 1751.569 1752.173 1752.057 1751.421 1751.547 1751.732 1752.153 1752.883 1753.927 1755.207 1756.558 1757.976 1760.034 1761.313 1761.802 1761.99 1762.195 1762.583 1762.666 1762.228 1762.429 1762.696 1763.042 1763.534 1764.032 1764.58 1765.03 1765.457 1765.896 1766.499 1767.039 1767.531 1767.99 -9999 -9999 -9999
1771.675 1771.129 1770.609 1770.106 1769.925 1769.471 1768.513 1767.932 1767.341 1766.745 1766.456 1765.933 1764.818 1763.683 1762.716 1761.748 1760.77 1759.841 1758.968 1758.136 1757.373 1756.676 1756.039 1755.46 1754.955 1754.514 1754.174 1753.94 1753.809 1753.933 1754.567 1754.506 1753.746 1753.797 1753.994 1754.425 1755.129 1756.12 1757.318 1758.597 1760.194 1761.894 1762.964 1763.595 1763.987 1764.237 1764.391 1764.273 1763.702 1763.849 1764.027 1764.271 1764.639 1764.995 1765.408 1765.815 1766.116 1766.387 1766.882 1767.334 1767.753 1768.154 -9999 -9999 -9999
1775.069 1774.512 1773.984 1773.473 1772.981 1772.423 1771.837 1771.264 1770.682 1770.088 1769.952 1769.678 1768.802 1767.005 1766.007 1764.972 1763.917 1762.922 1761.968 1761.032 1760.182 1759.415 1758.705 1758.072 1757.535 1757.083 1756.727 1756.474 1756.324 1756.656 1757.262 1757.307 1756.368 1756.175 1756.329 1756.74 1757.404 1758.313 1759.445 1760.618 1762.438 1763.923 1764.865 1765.484 1766.021 1766.302 1766.317 1765.988 1765.482 1765.308 1765.424 1765.568 1765.779 1765.984 1766.252 1766.614 1766.831 1766.989 1767.357 1767.696 1768.023 1768.351 1768.691 -9999 -9999
1778.487 1777.926 1777.396 1776.882 1776.373 1775.936 1775.285 1774.711 1774.11 1773.509 1773.348 1773.078 1772.299 1770.743 1769.395 1768.318 1767.22 1766.138 1765.079 1764.051 1763.129 1762.291 1761.498 1760.813 1760.237 1759.76 1759.377 1759.087 1758.901 1759.485 1760.037 1760.096 1759.535 1758.625 1758.744 1759.121 1759.761 1760.638 1761.669 1762.933 1764.92 1766.048 1766.728 1767.29 1768.015 1768.306 1768.276 1767.719 1767.232 1766.913 1766.823 1766.876 1766.935 1767.001 1767.126 1767.329 1767.457 1767.674 1767.891 1768.102 1768.324 1768.57 1768.848 -9999 -9999
1781.902 1781.365 1780.849 1780.338 1779.907 1779.724 1779.361 1778.717 1777.627 1777.018 1776.769 1776.538 1775.971 1774.769 1772.97 1771.744 1770.617 1769.465 1768.334 1767.237 1766.22 1765.284 1764.414 1763.677 1763.054 1762.539 1762.109 1761.765 1761.52 1761.925 1762.605 1762.61 1761.816 1760.993 1761.111 1761.474 1762.107 1762.972 1763.96 1766.251 1767.569 1768.149 1768.47 1768.864 1769.81 1770.002 1769.885 1769.154 1768.749 1768.574 1768.497 1768.391 1768.104 1768.046 1768.055 1768.175 1768.317 1768.387 1768.44 1768.519 1768.634 1768.795 1769.012 -9999 -9999
1785.802 1785.002 1784.401 1783.834 1783.396 1783.152 1782.813 1782.158 1781.13 1780.605 1780.373 1780.158 1779.78 1778.877 1777.039 1775.242 1774.067 1772.866 1771.689 1770.529 1769.441 1768.429 1767.488 1766.667 1765.972 1765.399 1764.912 1764.52 1764.216 1764.735 1765.248 1765.084 1764.02 1763.369 1763.45 1763.784 1764.384 1765.234 1767.362 1769.391 1769.997 1770.062 1770.032 1770.144 1770.839 1771.05 1770.808 1770.13 1769.998 1769.992 1769.991 1769.896 1769.323 1769.106 1769.087 1769.148 1769.189 1769.069 1768.955 1768.916 1768.934 1769.014 1769.173 -9999 -9999
1790.304 1789.559 1788.735 1787.483 1786.911 1786.639 1786.413 1786.025 1785.447 1785.003 1784.583 1783.994 1783.398 1782.562 1780.958 1779.294 1777.574 1776.339 1775.101 1773.884 1772.742 1771.661 1770.628 1769.721 1768.95 1768.307 1767.751 1767.287 1767.096 1767.567 1767.854 1767.565 1766.266 1765.758 1765.806 1766.094 1766.628 1767.37 1769.221 1771.008 1771.692 1771.808 1771.738 1771.771 1772.058 1772.14 1771.937 1771.554 1771.32 1771.188 1771.021 1770.679 1770.336 1770.113 1769.997 1770.003 1769.983 1769.638 1769.381 1769.274 1769.216 1769.22 1769.327 -9999 -9999
1794.784 1793.706 1792.55 1791.204 1790.654 1790.489 1790.442 1790.321 1790.026 1789.572 1788.888 1787.764 1786.968 1786.302 1785.214 1783.665 1781.392 1779.855 1778.571 1777.313 1776.098 1774.917 1773.797 1772.809 1771.953 1771.225 1770.582 1770.019 1769.95 1769.976 1769.965 1769.645 1768.263 1768.118 1768.142 1768.383 1768.85 1769.513 1770.558 1772.175 1773.058 1773.421 1773.409 1773.385 1773.417 1773.348 1773.122 1772.793 1772.533 1772.294 1772.005 1771.706 1771.328 1771.062 1770.843 1770.702 1770.472 1770.005 1769.691 1769.61 1769.485 1769.41 -9999 -9999 -9999
1798.899 1797.542 1796.406 1795.457 1795.163 1795.11 1795.13 1795.027 1794.599 1793.719 1792.601 1791.218 1790.449 1790.044 1789.458 1788.228 1785.997 1783.954 1782.056 1780.763 1779.488 1778.219 1777.033 1775.948 1774.972 1774.128 1773.382 1772.824 1772.233 1771.574 1771.149 1770.816 1770.555 1770.419 1770.438 1770.634 1771.039 1771.602 1772.403 1773.674 1774.526 1774.995 1775.03 1774.961 1774.835 1774.644 1774.372 1774.034 1773.715 1773.396 1773.039 1772.728 1772.299 1771.984 1771.674 1771.409 1771.033 1770.491 1770.145 1769.994 -9999 -9999 -9999 -9999 -9999
1801.984 1800.818 1800.136 1799.764 1799.698 1799.735 1799.752 1799.567 1798.921 1797.596 1796.39 1795.177 1794.191 1793.657 1793.044 1791.928 1790.264 1788.581 1786.449 1784.704 1782.948 1781.51 1780.256 1779.078 1777.968 1777.001 1776.44 1775.451 1774.622 1773.991 1773.47 1773.073 1772.81 1772.696 1772.733 1772.893 1773.244 1773.722 1774.285 1775.412 1776.169 1776.606 1776.646 1776.534 1776.272 1775.983 1775.668 1775.274 1774.897 1774.519 1774.122 1773.741 1773.264 1772.885 1772.543 1772.17 1771.66 1771.133 1770.767 1770.408 -9999 -9999 -9999 -9999 -9999
1804.953 1804.258 1803.826 1803.651 1803.66 1803.711 1803.651 1803.252 1802.285 1800.856 1799.899 1798.991 1797.761 1797.028 1796.352 1795.255 1793.919 1792.442 1790.619 1789.021 1787.09 1785.309 1783.693 1782.221 1780.896 1780.083 1779.389 1777.961 1777.129 1776.413 1775.822 1775.374 1775.13 1775.044 1775.107 1775.262 1775.544 1775.923 1776.379 1777.401 1778.007 1778.297 1778.303 1778.145 1777.698 1777.328 1777.013 1776.573 1776.152 1775.707 1775.228 1774.76 1774.285 1773.843 1773.432 1772.999 1772.381 1771.879 1771.427 1770.998 -9999 -9999 -9999 -9999 -9999
1807.685 1807.356 1807.14 1807.068 1807.098 1807.137 1807.041 1806.551 1805.429 1804.091 1802.951 1801.876 1800.695 1800.105 1799.493 1798.282 1797.178 1795.996 1794.386 1792.687 1790.721 1789.086 1787.184 1785.465 1784.044 1782.937 1781.649 1780.519 1779.62 1778.863 1778.257 1777.84 1777.625 1777.571 1777.621 1777.742 1777.948 1778.223 1778.574 1779.673 1780.049 1780.095 1780.036 1779.819 1779.084 1778.813 1778.452 1777.985 1777.463 1776.905 1776.359 1775.831 1775.283 1774.76 1774.276 1773.743 1773.202 1772.733 1772.21 -9999 -9999 -9999 -9999 -9999 -9999
1810.013 1809.96 1809.923 1809.954 1810.015 1810.054 1809.971 1809.5 1808.222 1806.986 1805.76 1804.738 1803.877 1803.267 1802.437 1801.076 1800.207 1799.299 1797.708 1796.027 1793.987 1792.062 1790.057 1788.261 1786.924 1785.515 1784.092 1783.016 1782.085 1781.33 1780.755 1780.386 1780.207 1780.186 1780.223 1780.3 1780.434 1780.609 1780.846 1782.043 1782.351 1782.283 1781.945 1781.315 1780.751 1780.4 1779.964 1779.402 1778.782 1778.118 1777.513 1776.898 1776.25 1775.72 1775.177 1774.701 1774.16 1773.68 -9999 -9999 -9999 -9999 -9999 -9999 -9999
1811.873 1811.985 1812.03 1812.276 1812.474 1812.535 1812.347 1811.712 1810.512 1809.591 1808.34 1807.508 1807.002 1806.586 1805.839 1804.537 1803.366 1802.069 1800.446 1798.901 1796.702 1794.662 1792.616 1790.705 1789.489 1787.852 1786.59 1785.461 1784.504 1783.808 1783.304 1782.974 1782.814 1782.795 1783.139 1783.419 1783.498 1783.595 1783.949 1784.662 1784.876 1784.72 1784.19 1783.429 1782.546 1782.05 1781.493 1780.829 1780.116 1779.355 1778.694 1777.929 1777.251 1776.711 1776.158 1775.687 -9999 -9999 -9999 -9999 -9999 -9999 -9999 -9999 -9999
1813.467 1813.739 1813.937 1814.317 1814.636 1814.747 1814.562 1813.997 1813.06 1812.045 1810.785 1810.193 1809.969 1809.789 1809.214 1807.804 1806.428 1804.742 1802.975 1800.84 1798.816 1797.06 1795.155 1793.27 1791.719 1790.322 1789.037 1787.91 1786.999 1786.344 1785.896 1785.614 1785.482 1786.14 1786.697 1786.868 1786.906 1786.949 1787.118 1787.395 1787.504 1787.278 1786.574 1785.806 1785.014 1784.197 1783.305 1782.356 1781.526 1780.655 1779.853 1779.039 1778.31 1777.731 1777.174 -9999 -9999 -9999 -9999 -9999 -9999 -9999 -9999 -9999 -9999
1814.948 1815.344 1815.661 1816.157 1816.602 1816.776 1816.67 1816.297 1815.685 1814.913 1813.963 1813.188 1812.638 1812.321 1811.671 1810.446 1809.285 1807.343 1805.735 1803.501 1801.133 1799.563 1797.621 1795.66 1794.139 1792.721 1791.446 1790.349 1789.505 1788.91 1788.521 1788.282 1788.981 1789.703 1789.958 1789.962 1789.926 1789.908 1789.936 1789.984 1789.954 1789.669 1788.728 1788.082 1787.476 1786.576 1785.597 1784.482 1783.454 1782.325 1781.08 1780.214 1779.47 1778.843 -9999 -9999 -9999 -9999 -9999 -9999 -9999 -9999 -9999 -9999 -9999
1816.355 1816.854 1817.287 1817.825 1818.399 1818.583 1818.549 1818.388 1818.119 1817.716 1817.055 1816.047 1815.081 1814.629 1813.998 1812.983 1811.782 1810.178 1808.68 1806.317 1804.023 1802.045 1799.909 1798.03 1796.512 1795.102 1793.839 1792.81 1792.045 1791.513 1791.178 1790.947 1791.413 1792.099 1792.335 1792.302 1792.193 1792.116 1792.06 1791.968 1791.733 1791.196 1790.271 1789.995 1789.689 1788.699 1787.763 1786.441 1785.072 1783.509 1782.437 1781.552 1780.776 -9999 -9999 -9999 -9999 -9999 -9999 -9999 -9999 -9999 -9999 -9999 -9999
1817.634 1818.183 1818.633 1819.229 1819.912 1820.01 1820.008 1819.999 1819.975 1819.896 1819.593 1818.444 1817.292 1816.814 1816.224 1815.297 1814.077 1812.458 1810.564 1808.566 1806.612 1804.369 1801.886 1800.355 1798.896 1797.556 1796.366 1795.394 1794.698 1794.203 1793.892 1793.683 1793.546 1794.012 1794.209 1794.125 1793.903 1793.819 1793.74 1793.601 1793.303 1792.765 1792.039 1791.628 1791.109 1790.21 1789.635 1788.107 1786.577 1785.081 1784.001 1783.056 1782.24 -9999 -9999 -9999 -9999 -9999 -9999 -9999 -9999 -9999 -9999 -9999 -9999
1818.693 1819.235 1819.518 1820.009 1820.609 1820.875 1820.969 1820.973 1820.87 1820.622 1820.597 1820.066 1819.641 1818.86 1818.279 1817.387 1816.268 1814.734 1812.82 1810.695 1808.939 1806.292 1804.115 1802.657 1801.327 1800.128 1799.066 1798.2 1797.568 1797.103 1796.789 1796.57 1796.399 1796.207 1795.985 1795.771 1795.45 1795.298 1795.212 1795.092 1794.824 1794.35 1793.729 1793.166 1792.501 1791.653 1790.853 1789.707 1788.295 1786.764 1785.692 1784.72 -9999 -9999 -9999 -9999 -9999 -9999 -9999 -9999 -9999 -9999 -9999 -9999 -9999
1819.438 1819.978 1820.013 1820.5 1821.051 1821.405 1821.575 1821.6 1821.489 1821.28 1821.29 1821.06 1820.708 1820.091 1819.87 1819.063 1818.259 1816.958 1815.21 1812.939 1810.497 1807.878 1806.361 1805.042 1803.862 1802.849 1801.941 1801.21 1800.657 1800.227 1799.901 1799.647 1799.416 1799.138 1798.816 1798.439 1798.023 1797.592 1797.145 1796.673 1796.381 1795.948 1795.341 1794.672 1793.876 1792.883 1791.72 1790.558 1789.736 1788.524 1787.476 -9999 -9999 -9999 -9999 -9999 -9999 -9999 -9999 -9999 -9999 -9999 -9999 -9999 -9999
1819.721 1820.008 1820.378 1820.896 1821.412 1821.791 1822.006 1822.07 1822.006 1821.875 1821.872 1821.744 1821.474 1821.054 1820.701 1820.088 1819.86 1818.871 1817.501 1815.118 1812.271 1809.875 1808.643 1807.516 1806.532 1805.693 1804.976 1804.411 1803.963 1803.582 1803.253 1802.948 1802.624 1802.253 1801.82 1801.298 1800.745 1800.165 1799.566 1798.938 1798.267 1797.509 1796.91 1796.188 1795.331 1794.276 1793.216 1792.255 1791.283 1790.287 -9999 -9999 -9999 -9999 -9999 -9999 -9999 -9999 -9999 -9999 -9999 -9999 -9999 -9999 -9999
