auxillary_inputs/dems/sew/initial_conditions/pg24f_14etch.txt
ncols         436
nrows         413
xllcorner     1121548.2005005
yllcorner     886503.6505127
cellsize      24
NODATA_value  -9999
[rows 261 to 289 of 413, columns 260 to 324 of 436]
1686.655 1678.44 1669.885 1661.61 1654.208 1648.854 1644.81 1640.943 1637.19 1633.531 1630.009 1626.654 1623.462 1620.476 1617.636 1614.9 1612.227 1609.891 1607.059 1604.028 1601.209 1598.464 1595.817 1593.171 1590.497 1588.239 1585.497 1582.658 1580.044 1577.725 1575.412 1572.988 1570.46 1568.214 1565.397 1562.218 1559.027 1555.192 1551.178 1547.53 1543.512 1539.29 1534.961 1531.21 1527.532 1523.894 1520.285 1516.593 1512.953 1509.458 1505.982 1502.466 1498.88 1495.074 1491.126 1487.042 1482.899 1478.713 1474.547 1470.37 1466.368 1462.46 1458.635 1454.896 1451.291
1692.512 1684.691 1676.023 1667.203 1659.011 1652.173 1647.692 1643.722 1639.903 1636.158 1632.501 1628.985 1625.635 1622.472 1619.48 1616.602 1613.777 1610.956 1608.155 1605.294 1602.418 1599.593 1596.716 1594.027 1591.548 1589.267 1586.106 1582.911 1580.099 1577.998 1575.887 1573.669 1571.467 1569.436 1566.655 1563.371 1559.911 1556.323 1552.572 1548.864 1544.528 1540.046 1536.076 1532.333 1528.679 1525.022 1521.363 1517.656 1513.998 1510.518 1507.05 1503.557 1500.004 1496.28 1492.408 1488.422 1484.307 1480.162 1476.009 1471.864 1467.811 1463.824 1459.921 1456.173 1452.552
1697.483 1689.874 1681.349 1672.428 1663.927 1656.659 1650.642 1646.559 1642.635 1638.852 1635.089 1631.424 1627.941 1624.627 1621.476 1618.472 1615.522 1612.587 1609.669 1606.684 1603.694 1600.749 1597.835 1594.938 1592.248 1589.688 1586.438 1583.468 1580.721 1578.544 1576.549 1574.373 1572.178 1570.033 1567.693 1564.33 1560.621 1557.419 1553.77 1549.812 1545.416 1540.933 1537.26 1533.559 1529.887 1526.168 1522.447 1518.764 1515.138 1511.63 1508.116 1504.608 1501.078 1497.468 1493.709 1489.807 1485.711 1481.609 1477.478 1473.374 1469.287 1465.265 1461.306 1457.542 1453.904
1701.313 1694.328 1686.413 1677.843 1669.43 1661.869 1655.246 1650.117 1645.632 1641.568 1637.724 1633.919 1630.353 1626.905 1623.592 1620.498 1617.424 1614.35 1611.276 1608.196 1605.086 1602.022 1599.091 1596.152 1593.211 1590.277 1587.348 1584.456 1581.669 1579.479 1577.339 1575.075 1572.799 1570.57 1568.885 1565.412 1561.586 1558.75 1555.023 1550.894 1546.652 1542.133 1538.516 1534.797 1531.066 1527.322 1523.571 1519.902 1516.258 1512.685 1509.151 1505.642 1502.137 1498.644 1494.974 1491.139 1487.143 1483.095 1479.019 1474.947 1470.861 1466.827 1462.85 1459.022 1455.32
1704.294 1698.1 1690.845 1682.982 1675.155 1667.999 1661.114 1655.276 1650.076 1645.318 1640.727 1636.521 1632.852 1629.33 1625.933 1622.675 1619.463 1616.253 1613.065 1609.895 1606.68 1603.52 1600.562 1597.547 1594.527 1591.51 1588.556 1585.624 1582.786 1580.118 1577.893 1575.76 1573.608 1571.537 1569.595 1566.432 1562.946 1559.808 1556.322 1552.473 1548.469 1543.943 1539.803 1536.021 1532.259 1528.529 1524.78 1521.082 1517.37 1513.729 1510.198 1506.702 1503.225 1499.845 1496.221 1492.437 1488.539 1484.534 1480.534 1476.485 1472.425 1468.369 1464.398 1460.525 1456.762
1706.654 1701.258 1695.064 1688.277 1681.236 1674.393 1667.297 1660.852 1654.871 1649.446 1644.576 1639.982 1635.755 1631.905 1628.71 1625.182 1621.565 1618.258 1614.98 1611.718 1608.481 1605.287 1602.178 1599.1 1596.018 1592.943 1589.923 1586.914 1583.986 1581.174 1578.558 1576.501 1574.374 1572.217 1569.967 1567.229 1564.057 1560.778 1557.595 1553.854 1549.812 1545.507 1541.178 1537.273 1533.517 1529.768 1525.969 1522.209 1518.472 1514.811 1511.305 1507.833 1504.394 1500.99 1497.444 1493.752 1489.939 1485.969 1482.052 1478.041 1473.99 1469.916 1465.917 1461.972 1458.13
1708.923 1704.24 1698.814 1692.859 1686.639 1680.047 1673.219 1666.479 1659.724 1653.619 1648.611 1643.827 1639.364 1635.497 1632.013 1628.345 1624.195 1620.414 1617.058 1613.739 1610.465 1607.238 1604.033 1600.84 1597.657 1594.476 1591.337 1588.288 1585.304 1582.415 1579.663 1577.429 1575.207 1572.915 1570.474 1568.159 1565.26 1562.144 1559.013 1555.135 1551.039 1547.109 1542.908 1538.771 1534.747 1530.937 1527.111 1523.32 1519.606 1515.975 1512.47 1508.987 1505.544 1502.114 1498.643 1495.014 1491.259 1487.398 1483.502 1479.521 1475.444 1471.366 1467.327 1463.363 1459.478
1710.586 1706.602 1701.621 1696.354 1690.695 1684.745 1678.375 1671.526 1664.464 1658.125 1652.615 1647.571 1642.707 1638.973 1635.255 1631.259 1627.149 1623.062 1619.263 1615.888 1612.549 1609.309 1606.016 1602.699 1599.398 1596.104 1592.874 1589.745 1586.676 1583.694 1580.819 1578.392 1576.187 1573.927 1571.632 1569.368 1566.352 1563.123 1559.81 1556.19 1552.449 1548.71 1544.339 1539.929 1535.935 1532.082 1528.254 1524.45 1520.753 1517.11 1513.559 1510.102 1506.685 1503.278 1499.84 1496.234 1492.52 1488.76 1484.907 1480.959 1476.857 1472.791 1468.737 1464.784 1460.893
1712.159 1708.647 1703.943 1698.99 1693.781 1688.467 1682.677 1676.363 1669.402 1662.616 1656.507 1651.006 1646.227 1642.336 1638.666 1634.716 1630.457 1626.151 1622.039 1618.707 1615.407 1612.246 1608.786 1604.886 1601.141 1597.757 1594.422 1591.18 1588.068 1585.023 1582.083 1579.621 1577.275 1574.92 1572.487 1569.953 1567.063 1563.776 1560.297 1556.997 1553.491 1549.73 1545.464 1541.143 1537.132 1533.266 1529.453 1525.66 1521.94 1518.25 1514.641 1511.199 1507.782 1504.37 1500.926 1497.401 1493.772 1490.065 1486.221 1482.291 1478.26 1474.237 1470.207 1466.229 1462.29
1713.043 1709.574 1705.055 1700.252 1695.574 1690.853 1685.891 1680.133 1673.711 1666.984 1660.333 1654.512 1649.592 1645.594 1641.827 1638.329 1634.156 1629.719 1625.585 1621.914 1618.821 1615.277 1611.21 1607.101 1602.964 1599.45 1596.002 1592.678 1589.5 1586.375 1583.359 1580.482 1578.299 1575.927 1573.353 1570.586 1567.899 1564.598 1561.027 1557.967 1554.564 1550.884 1547.183 1543.087 1538.78 1534.538 1530.702 1526.873 1523.09 1519.394 1515.787 1512.309 1508.847 1505.411 1501.961 1498.511 1494.927 1491.227 1487.414 1483.519 1479.582 1475.616 1471.642 1467.645 1463.686
1713.384 1709.805 1705.322 1700.644 1696.517 1692.515 1688.309 1683.05 1677.166 1670.502 1663.783 1657.859 1652.753 1648.974 1645.337 1641.768 1637.859 1633.371 1629.406 1625.587 1622.049 1618.3 1613.852 1609.297 1604.753 1601.099 1597.563 1594.149 1590.875 1587.723 1584.671 1581.784 1579.562 1577.115 1574.541 1571.868 1569.204 1565.844 1562.404 1559.277 1555.794 1552.331 1548.938 1544.904 1540.652 1536.127 1531.931 1528.092 1524.257 1520.544 1516.889 1513.328 1509.855 1506.433 1503.023 1499.61 1496.026 1492.335 1488.59 1484.73 1480.882 1476.991 1473.074 1469.084 1465.127
1713.572 1709.762 1705.222 1700.636 1696.873 1693.296 1689.503 1684.853 1679.523 1673.576 1667.428 1661.404 1656.274 1652.184 1648.594 1644.956 1641.216 1637.352 1633.099 1628.965 1624.915 1620.725 1616.181 1611.234 1606.558 1602.775 1599.154 1595.64 1592.265 1589.087 1585.989 1582.954 1580.459 1578.234 1575.715 1572.95 1570.01 1566.805 1563.351 1559.935 1556.489 1553.135 1549.816 1546.144 1542.319 1538.282 1533.41 1529.344 1525.481 1521.707 1517.962 1514.312 1510.827 1507.416 1504.013 1500.598 1497.064 1493.453 1489.788 1485.978 1482.152 1478.276 1474.372 1470.429 1466.483
1713.596 1709.674 1705.073 1700.546 1697.017 1693.658 1690.096 1686.063 1681.271 1676.085 1670.396 1664.71 1659.42 1654.972 1651.151 1647.846 1644.492 1640.532 1636.184 1631.702 1627.569 1623.288 1618.656 1613.504 1608.409 1604.528 1600.802 1597.197 1593.761 1590.513 1587.343 1584.311 1581.843 1579.567 1576.955 1574.028 1570.822 1567.713 1564.018 1560.209 1556.725 1553.375 1550.067 1546.7 1543.191 1539.351 1534.632 1530.479 1526.614 1522.788 1519.008 1515.315 1511.823 1508.374 1504.944 1501.515 1498.031 1494.485 1490.875 1487.133 1483.329 1479.503 1475.628 1471.739 1467.812
1713.552 1709.63 1705.071 1700.647 1697.349 1694.189 1690.812 1687.362 1683.07 1678.318 1672.901 1667.489 1661.974 1657.56 1653.919 1650.731 1647.728 1643.623 1639.175 1634.663 1630.317 1625.837 1620.835 1615.48 1610.179 1606.214 1602.39 1598.74 1595.241 1591.904 1588.707 1585.63 1583.086 1580.548 1578.162 1575.286 1572.14 1568.872 1564.653 1560.398 1556.808 1553.385 1550.052 1546.835 1543.482 1539.733 1535.341 1531.522 1527.669 1523.818 1520.069 1516.393 1512.869 1509.35 1505.87 1502.417 1498.966 1495.466 1491.896 1488.234 1484.482 1480.741 1476.942 1473.092 1469.192
1713.511 1709.691 1705.359 1701.165 1698.153 1695.172 1692.067 1688.788 1684.426 1679.651 1674.544 1669.413 1664.345 1660.032 1656.664 1653.525 1650.225 1646.229 1641.724 1637.449 1633.137 1628.53 1623.231 1617.534 1611.934 1607.895 1603.989 1600.307 1596.754 1593.362 1590.107 1587.017 1584.436 1581.896 1579.438 1576.345 1573.044 1569.479 1565.083 1560.917 1557.5 1554.052 1550.572 1547.094 1543.664 1540.022 1536.342 1532.559 1528.732 1524.862 1521.119 1517.448 1513.865 1510.318 1506.809 1503.338 1499.921 1496.46 1492.93 1489.364 1485.692 1481.993 1478.234 1474.368 1470.5
1713.48 1709.831 1705.967 1702.281 1699.338 1696.229 1693.029 1689.538 1685.199 1680.449 1675.758 1670.998 1666.527 1662.41 1659.429 1656.284 1652.779 1648.873 1644.528 1640.241 1635.861 1630.963 1625.557 1619.54 1613.753 1609.678 1605.73 1601.955 1598.313 1594.823 1591.455 1588.187 1585.524 1582.771 1579.954 1576.804 1573.435 1569.765 1565.507 1561.737 1558.334 1554.872 1551.387 1547.955 1544.488 1540.961 1537.387 1533.669 1529.879 1525.996 1522.241 1518.535 1514.879 1511.318 1507.799 1504.318 1500.933 1497.497 1494.015 1490.5 1486.855 1483.179 1479.498 1475.61 1471.768
1713.433 1709.928 1706.398 1703.032 1699.992 1697.013 1693.739 1690.057 1685.931 1681.394 1677.229 1673.032 1669.124 1665.516 1662.259 1658.924 1655.117 1651.048 1647.032 1642.904 1638.597 1633.654 1628.228 1622.146 1616.209 1611.584 1607.555 1603.645 1599.917 1596.329 1592.867 1589.505 1586.411 1583.297 1580.104 1576.879 1573.518 1569.942 1566.081 1562.614 1559.226 1555.738 1552.249 1548.865 1545.441 1541.984 1538.645 1534.772 1531.026 1527.249 1523.471 1519.72 1515.982 1512.391 1508.868 1505.401 1501.989 1498.511 1495.017 1491.501 1487.916 1484.303 1480.647 1476.81 1472.965
1713.385 1710.002 1706.792 1703.667 1700.629 1697.906 1694.618 1690.885 1687.142 1682.961 1678.999 1675.045 1671.338 1668.316 1664.781 1661.026 1657.273 1653.294 1649.321 1645.185 1640.806 1636.131 1630.869 1625.3 1619.632 1614.083 1609.467 1605.443 1601.577 1597.854 1594.253 1590.739 1587.26 1583.784 1580.333 1576.94 1573.569 1570.197 1566.808 1563.42 1560.041 1556.597 1553.168 1549.802 1546.381 1542.969 1539.561 1535.802 1532.138 1528.51 1524.749 1520.978 1517.182 1513.502 1509.912 1506.4 1502.931 1499.428 1495.916 1492.392 1488.86 1485.289 1481.642 1477.848 1474.003
1713.415 1710.16 1707.363 1704.582 1701.831 1699.199 1695.842 1692.256 1688.659 1684.413 1680.369 1676.973 1673.607 1670.426 1667.039 1663.271 1659.384 1655.293 1651.144 1647.18 1642.927 1638.498 1633.511 1628.36 1622.875 1617.324 1611.517 1607.238 1603.229 1599.388 1595.65 1591.99 1588.418 1584.817 1581.249 1577.772 1574.344 1570.943 1567.55 1564.169 1560.798 1557.407 1554.022 1550.655 1547.263 1543.808 1540.31 1536.784 1533.229 1529.652 1525.934 1522.131 1518.31 1514.547 1510.91 1507.341 1503.803 1500.278 1496.753 1493.224 1489.73 1486.182 1482.542 1478.794 1474.962
1713.664 1710.598 1708.218 1705.587 1702.814 1699.953 1696.775 1693.262 1689.598 1685.615 1681.696 1678.908 1675.752 1672.557 1669.179 1665.299 1661.161 1657.149 1652.982 1648.918 1644.495 1640.035 1635.485 1630.66 1625.536 1619.971 1614.322 1609.048 1604.944 1600.965 1597.101 1593.326 1589.626 1585.865 1582.169 1578.612 1575.128 1571.698 1568.292 1564.906 1561.542 1558.196 1554.852 1551.498 1548.148 1544.687 1541.184 1537.739 1534.263 1530.721 1527.066 1523.261 1519.431 1515.606 1511.916 1508.276 1504.66 1501.117 1497.586 1494.061 1490.601 1487.06 1483.433 1479.744 1475.938
1714.234 1711.606 1709.401 1706.654 1703.743 1700.677 1697.7 1694.137 1690.401 1687.063 1683.57 1680.523 1677.596 1674.4 1670.832 1667.146 1663.011 1658.837 1654.299 1649.884 1645.515 1641.194 1637.2 1632.823 1628.06 1622.51 1617.067 1611.589 1606.636 1602.521 1598.539 1594.621 1590.762 1586.879 1583.088 1579.46 1575.938 1572.484 1569.059 1565.665 1562.307 1559.011 1555.716 1552.409 1549.08 1545.596 1542.091 1538.703 1535.279 1532.03 1528.515 1524.453 1520.613 1516.757 1512.974 1509.247 1505.554 1501.992 1498.455 1494.953 1491.495 1487.941 1484.356 1480.729 1476.952
1714.765 1712.283 1709.957 1707.502 1704.793 1701.916 1698.984 1695.235 1691.456 1688.745 1685.457 1682.369 1679.431 1676.176 1672.593 1668.808 1664.326 1659.759 1655.073 1650.515 1646.472 1642.579 1638.894 1634.752 1630.324 1625.42 1620.156 1614.696 1609.167 1604.108 1599.968 1595.878 1591.862 1587.884 1584.029 1580.358 1576.805 1573.325 1569.904 1566.508 1563.139 1559.873 1556.587 1553.277 1549.934 1546.485 1543.039 1539.664 1536.252 1533.268 1530.037 1526.135 1521.742 1517.878 1514.017 1510.244 1506.509 1502.878 1499.276 1495.738 1492.239 1488.701 1485.147 1481.549 1477.817
1715.346 1712.898 1710.456 1708.361 1705.798 1702.932 1699.865 1696.429 1692.91 1689.888 1686.871 1683.822 1680.703 1677.586 1673.815 1669.656 1665.027 1660.32 1655.793 1651.317 1647.541 1643.759 1640.037 1636.374 1632.54 1628.271 1623.187 1617.675 1611.609 1605.8 1601.318 1597.093 1592.959 1588.917 1585.026 1581.345 1577.772 1574.262 1570.852 1567.458 1564.095 1560.795 1557.449 1554.091 1550.713 1547.287 1543.869 1540.486 1537.078 1534.214 1531.395 1528.279 1523.587 1518.955 1515.04 1511.189 1507.362 1503.627 1499.979 1496.402 1492.868 1489.342 1485.806 1482.227 1478.548
1716.187 1713.827 1711.543 1709.486 1706.813 1703.874 1700.719 1697.673 1694.231 1690.897 1688.13 1685.17 1682.103 1678.896 1674.673 1670.133 1665.588 1661.072 1656.979 1652.786 1648.99 1645.082 1641.216 1637.941 1634.563 1630.559 1625.749 1620.026 1613.874 1607.627 1602.646 1598.31 1594.092 1590.025 1586.129 1582.462 1578.886 1575.366 1571.92 1568.477 1565.06 1561.664 1558.275 1554.862 1551.435 1548.005 1544.595 1541.215 1537.861 1534.975 1532.45 1529.412 1524.891 1519.95 1515.879 1511.959 1508.078 1504.26 1500.575 1496.977 1493.428 1489.901 1486.374 1482.819 1479.2
1717.155 1714.738 1712.348 1710.021 1707.611 1704.895 1702.001 1699.126 1695.616 1692.286 1689.41 1686.23 1682.989 1679.51 1675.177 1670.583 1666.405 1662.351 1658.514 1654.221 1650.226 1646.698 1643.086 1639.839 1636.832 1633.123 1628.338 1622.313 1615.941 1609.189 1603.988 1599.58 1595.298 1591.245 1587.385 1583.708 1580.107 1576.539 1573.012 1569.546 1566.074 1562.573 1559.118 1555.621 1552.129 1548.68 1545.265 1541.887 1538.569 1535.497 1532.982 1529.776 1525.326 1520.5 1516.532 1512.57 1508.648 1504.806 1501.106 1497.496 1493.938 1490.407 1486.885 1483.36 1479.815
1717.863 1715.549 1713.083 1710.554 1708.423 1705.774 1702.843 1699.8 1696.382 1693.046 1689.944 1686.764 1683.473 1679.896 1675.748 1671.407 1667.544 1663.62 1659.674 1655.53 1651.575 1648.595 1645.097 1641.738 1639.214 1635.678 1630.78 1624.852 1618.155 1610.956 1605.408 1600.951 1596.611 1592.554 1588.696 1584.989 1581.375 1577.769 1574.206 1570.693 1567.177 1563.602 1560.028 1556.396 1552.815 1549.337 1545.921 1542.543 1539.237 1535.92 1533.255 1529.847 1525.351 1521.03 1517.049 1513.074 1509.139 1505.29 1501.592 1497.976 1494.409 1490.87 1487.356 1483.858 1480.362
1718.629 1716.453 1714.068 1711.689 1709.474 1706.502 1703.302 1700.029 1696.726 1693.413 1690.18 1687.15 1684.009 1680.655 1677.135 1673.163 1669.25 1665.173 1661.046 1657.222 1653.542 1650.368 1647.271 1644.213 1641.474 1638.111 1633.157 1627.262 1620.224 1612.903 1606.86 1602.363 1598.034 1593.942 1590.044 1586.265 1582.573 1578.964 1575.374 1571.861 1568.639 1564.57 1560.856 1557.129 1553.481 1549.993 1546.594 1543.25 1539.933 1536.533 1533.404 1529.764 1525.422 1521.454 1517.459 1513.494 1509.574 1505.746 1502.071 1498.446 1494.856 1491.313 1487.804 1484.319 1480.849
1719.654 1717.32 1714.861 1712.399 1709.886 1706.827 1703.535 1700.201 1697.169 1693.985 1690.75 1688.105 1685.232 1682.171 1678.971 1675.113 1671.027 1667.088 1663.07 1659.278 1655.638 1652.368 1649.345 1646.255 1643.138 1639.515 1634.77 1629.061 1622.28 1615.29 1608.442 1603.804 1599.477 1595.355 1591.412 1587.553 1583.793 1580.124 1576.466 1573.037 1569.498 1565.414 1561.611 1557.828 1554.14 1550.65 1547.248 1543.883 1540.501 1536.987 1533.388 1529.688 1525.775 1521.775 1517.742 1513.835 1509.981 1506.213 1502.579 1498.929 1495.302 1491.75 1488.238 1484.755 1481.294
1719.978 1717.7 1715.242 1712.688 1709.999 1706.984 1703.833 1700.671 1698.036 1695.032 1692.01 1689.401 1686.542 1683.599 1680.467 1677.07 1673.156 1669.203 1665.102 1661.058 1657.492 1654.058 1650.758 1647.734 1644.296 1640.379 1636.002 1630.714 1624.579 1617.771 1610.75 1605.266 1600.906 1596.721 1592.682 1588.764 1584.906 1581.123 1577.404 1573.704 1569.983 1566.166 1562.326 1558.535 1554.833 1551.335 1547.89 1544.465 1541.01 1537.461 1533.815 1530.036 1526.039 1521.999 1517.93 1514.098 1510.362 1506.71 1503.128 1499.438 1495.767 1492.207 1488.678 1485.181 1481.734
