auxillary_inputs/dems/sew/initial_conditions/pg24f_ic5etch.txt
ncols         436
nrows         413
xllcorner     1121548.2005005
yllcorner     886503.6505127
cellsize      24
NODATA_value  -9999
[rows 261 to 289 of 413, columns 130 to 194 of 436]
1681.503 1679.795 1678.081 1676.357 1674.628 1672.865 1670.966 1668.896 1666.66 1664.33 1662.059 1659.917 1657.916 1656.055 1654.21 1652.216 1649.954 1647.331 1644.37 1641.17 1637.831 1634.453 1631.119 1627.889 1624.795 1621.851 1619.071 1616.502 1614.25 1612.31 1610.609 1609.012 1607.43 1605.609 1603.353 1600.36 1596.453 1591.646 1586.192 1580.584 1575.467 1571.474 1569.048 1568.518 1570.13 1572.645 1575.93 1579.812 1584.019 1588.258 1592.301 1596.054 1599.46 1602.474 1605.099 1607.413 1609.58 1611.842 1614.477 1617.705 1621.616 1626.142 1631.125 1636.395 1641.822
1678.649 1676.981 1675.256 1673.5 1671.737 1669.954 1668.077 1666.059 1663.885 1661.619 1659.386 1657.258 1655.237 1653.342 1651.445 1649.403 1647.114 1644.507 1641.574 1638.416 1635.119 1631.767 1628.442 1625.218 1622.153 1619.286 1616.604 1614.133 1611.929 1610.014 1608.321 1606.687 1605.047 1603.183 1600.927 1598.051 1594.373 1589.884 1584.825 1579.665 1575.02 1571.496 1569.461 1569.992 1572.148 1575.319 1579.217 1583.596 1588.174 1592.676 1596.88 1600.706 1604.142 1607.188 1609.876 1612.272 1614.5 1616.753 1619.265 1622.238 1625.781 1629.897 1634.505 1639.48 1644.72
1675.619 1673.994 1672.292 1670.548 1668.794 1667.029 1665.208 1663.279 1661.193 1658.986 1656.769 1654.622 1652.545 1650.54 1648.5 1646.31 1643.879 1641.158 1638.144 1634.941 1631.628 1628.272 1624.959 1621.781 1618.811 1616.114 1613.66 1611.427 1609.401 1607.579 1605.889 1604.188 1602.413 1600.424 1598.107 1595.302 1591.857 1587.739 1583.16 1578.556 1574.512 1571.625 1570.444 1571.918 1574.74 1578.533 1582.949 1587.7 1592.506 1597.116 1601.346 1605.138 1608.521 1611.556 1614.313 1616.85 1619.25 1621.642 1624.197 1627.073 1630.377 1634.15 1638.384 1643.03 1648.026
1672.214 1670.627 1668.979 1667.305 1665.634 1663.968 1662.266 1660.47 1658.503 1656.38 1654.178 1651.984 1649.806 1647.627 1645.359 1642.908 1640.203 1637.22 1633.988 1630.625 1627.214 1623.826 1620.541 1617.457 1614.658 1612.212 1610.081 1608.193 1606.45 1604.79 1603.119 1601.341 1599.421 1597.291 1594.888 1592.143 1588.949 1585.272 1581.271 1577.355 1574.088 1572.094 1572.439 1574.599 1578.061 1582.389 1587.192 1592.172 1597.066 1601.657 1605.809 1609.496 1612.775 1615.759 1618.566 1621.263 1623.892 1626.52 1629.245 1632.164 1635.37 1638.921 1642.848 1647.167 1651.881
1668.343 1666.782 1665.214 1663.668 1662.156 1660.674 1659.164 1657.546 1655.739 1653.736 1651.588 1649.354 1647.036 1644.625 1642.041 1639.214 1636.1 1632.723 1629.155 1625.533 1621.954 1618.501 1615.256 1612.316 1609.761 1607.642 1605.903 1604.414 1603.009 1601.546 1599.921 1598.079 1596.035 1593.789 1591.348 1588.704 1585.813 1582.664 1579.377 1576.307 1574.069 1573.815 1575.22 1578.115 1582.147 1586.891 1591.937 1597.005 1601.866 1606.344 1610.35 1613.886 1617.045 1619.976 1622.824 1625.676 1628.55 1631.455 1634.42 1637.483 1640.711 1644.159 1647.88 1651.929 1656.358
1664.073 1662.538 1661.062 1659.674 1658.366 1657.113 1655.845 1654.46 1652.876 1651.058 1649.016 1646.762 1644.286 1641.579 1638.592 1635.289 1631.663 1627.797 1623.818 1619.882 1616.115 1612.611 1609.45 1606.707 1604.447 1602.696 1601.368 1600.286 1599.218 1597.957 1596.392 1594.512 1592.382 1590.084 1587.693 1585.259 1582.784 1580.283 1577.862 1575.895 1575.528 1576.533 1578.887 1582.454 1586.927 1591.931 1597.08 1602.117 1606.851 1611.149 1614.97 1618.346 1621.4 1624.305 1627.216 1630.223 1633.334 1636.518 1639.743 1643.003 1646.332 1649.775 1653.391 1657.252 1661.441
1659.629 1658.128 1656.744 1655.5 1654.386 1653.352 1652.33 1651.201 1649.868 1648.272 1646.368 1644.135 1641.523 1638.511 1635.081 1631.244 1627.063 1622.677 1618.272 1614.034 1610.12 1606.631 1603.631 1601.158 1599.241 1597.868 1596.925 1596.195 1595.405 1594.316 1592.812 1590.929 1588.784 1586.539 1584.319 1582.22 1580.294 1578.596 1577.254 1577.17 1578.15 1580.222 1583.375 1587.461 1592.205 1597.305 1602.417 1607.319 1611.862 1615.951 1619.583 1622.83 1625.827 1628.754 1631.766 1634.948 1638.289 1641.734 1645.215 1648.69 1652.166 1655.67 1659.259 1663.01 1667.012
1655.3 1653.844 1652.54 1651.399 1650.415 1649.537 1648.713 1647.814 1646.719 1645.339 1643.567 1641.353 1638.632 1635.351 1631.521 1627.201 1622.524 1617.68 1612.916 1608.458 1604.491 1601.12 1598.391 1596.275 1594.747 1593.74 1593.121 1592.642 1592.019 1591.023 1589.569 1587.731 1585.668 1583.6 1581.695 1580.032 1578.728 1578.19 1578.598 1579.787 1581.827 1584.749 1588.491 1592.9 1597.743 1602.783 1607.744 1612.425 1616.729 1620.603 1624.073 1627.24 1630.244 1633.256 1636.418 1639.803 1643.38 1647.076 1650.799 1654.486 1658.122 1661.726 1665.341 1669.039 1672.904
1651.323 1649.939 1648.7 1647.605 1646.659 1645.844 1645.133 1644.406 1643.5 1642.281 1640.592 1638.363 1635.52 1632.015 1627.87 1623.204 1618.2 1613.089 1608.151 1603.637 1599.753 1596.62 1594.281 1592.603 1591.49 1590.809 1590.419 1590.072 1589.476 1588.466 1587.03 1585.284 1583.407 1581.645 1580.196 1579.145 1579.137 1579.835 1581.271 1583.435 1586.31 1589.853 1593.969 1598.512 1603.295 1608.142 1612.863 1617.28 1621.327 1625.001 1628.348 1631.486 1634.559 1637.719 1641.083 1644.704 1648.532 1652.469 1656.417 1660.301 1664.094 1667.809 1671.478 1675.16 1678.927
1647.825 1646.543 1645.355 1644.255 1643.27 1642.432 1641.752 1641.104 1640.284 1639.115 1637.412 1635.092 1632.106 1628.434 1624.108 1619.287 1614.197 1609.1 1604.275 1599.965 1596.353 1593.567 1591.707 1590.487 1589.763 1589.306 1589.018 1588.712 1587.997 1586.889 1585.446 1583.809 1582.176 1580.743 1579.944 1579.925 1580.678 1582.281 1584.643 1587.646 1591.195 1595.187 1599.508 1604.038 1608.653 1613.235 1617.667 1621.814 1625.625 1629.126 1632.394 1635.553 1638.741 1642.089 1645.688 1649.559 1653.635 1657.798 1661.951 1666.012 1669.953 1673.777 1677.51 1681.194 1684.892
1644.784 1643.635 1642.494 1641.359 1640.29 1639.376 1638.639 1637.951 1637.079 1635.806 1633.958 1631.464 1628.331 1624.567 1620.225 1615.486 1610.602 1605.844 1601.465 1597.671 1594.588 1592.247 1590.846 1589.997 1589.506 1589.1 1588.763 1588.386 1587.551 1586.327 1584.896 1583.435 1582.122 1581.279 1580.988 1581.433 1582.761 1585.07 1588.204 1591.922 1596.031 1600.368 1604.799 1609.242 1613.645 1617.949 1622.103 1626.02 1629.657 1633.047 1636.293 1639.512 1642.84 1646.389 1650.216 1654.315 1658.604 1662.96 1667.282 1671.491 1675.563 1679.49 1683.286 1686.981 1690.627
1642.072 1641.071 1639.972 1638.781 1637.612 1636.582 1635.7 1634.845 1633.783 1632.274 1630.178 1627.467 1624.209 1620.448 1616.268 1611.847 1607.453 1603.35 1599.748 1596.777 1594.527 1593.035 1592.522 1592.073 1591.667 1591.227 1590.733 1590.105 1589.155 1587.907 1586.508 1585.114 1583.874 1583.012 1582.803 1583.437 1585.088 1587.867 1591.561 1595.845 1600.419 1605.048 1609.577 1613.951 1618.18 1622.27 1626.216 1629.979 1633.522 1636.889 1640.181 1643.513 1646.999 1650.735 1654.748 1659.008 1663.429 1667.9 1672.328 1676.641 1680.81 1684.823 1688.676 1692.385 1695.987
1639.526 1638.648 1637.577 1636.32 1635.025 1633.827 1632.73 1631.618 1630.27 1628.469 1626.105 1623.204 1619.88 1616.226 1612.362 1608.466 1604.786 1601.586 1599.041 1597.2 1596.461 1596.013 1595.805 1595.551 1595.183 1594.683 1594.046 1593.247 1592.201 1590.925 1589.517 1588.09 1586.776 1585.773 1585.378 1585.874 1587.532 1590.504 1594.541 1599.232 1604.171 1609.05 1613.698 1618.077 1622.236 1626.238 1630.099 1633.821 1637.373 1640.81 1644.225 1647.713 1651.37 1655.27 1659.413 1663.759 1668.218 1672.696 1677.122 1681.444 1685.643 1689.702 1693.596 1697.316 1700.882
1637.013 1636.226 1635.167 1633.819 1632.359 1630.934 1629.559 1628.139 1626.489 1624.428 1621.879 1618.905 1615.644 1612.223 1608.782 1605.546 1602.706 1600.555 1599.444 1599.308 1599.595 1599.954 1600.22 1600.231 1599.957 1599.436 1598.712 1597.806 1596.692 1595.378 1593.915 1592.361 1590.821 1589.478 1588.648 1588.715 1590.069 1592.958 1597.128 1602.077 1607.296 1612.405 1617.212 1621.691 1625.912 1629.968 1633.892 1637.696 1641.367 1644.961 1648.562 1652.249 1656.091 1660.135 1664.36 1668.712 1673.112 1677.486 1681.795 1686.014 1690.137 1694.156 1698.04 1701.756 1705.295
1634.411 1633.692 1632.648 1631.214 1629.561 1627.858 1626.161 1624.428 1622.537 1620.338 1617.77 1614.909 1611.89 1608.847 1605.91 1603.453 1601.601 1601.194 1601.51 1602.42 1603.593 1604.689 1605.468 1605.798 1605.684 1605.213 1604.477 1603.534 1602.392 1601.04 1599.473 1597.701 1595.791 1593.933 1592.476 1591.902 1592.728 1595.318 1599.446 1604.527 1609.961 1615.301 1620.326 1625.006 1629.411 1633.647 1637.76 1641.761 1645.657 1649.492 1653.331 1657.236 1661.255 1665.409 1669.667 1673.963 1678.23 1682.409 1686.495 1690.502 1694.446 1698.332 1702.131 1705.795 1709.298
1631.609 1630.922 1629.92 1628.46 1626.648 1624.676 1622.676 1620.693 1618.68 1616.536 1614.161 1611.617 1609.02 1606.492 1604.054 1602.709 1602.494 1603.175 1604.533 1606.346 1608.286 1610.01 1611.261 1611.914 1612.003 1611.645 1610.969 1610.056 1608.921 1607.521 1605.793 1603.701 1601.29 1598.778 1596.572 1595.257 1595.455 1597.653 1601.653 1606.797 1612.411 1617.995 1623.297 1628.267 1632.959 1637.473 1641.864 1646.149 1650.342 1654.475 1658.581 1662.699 1666.861 1671.066 1675.29 1679.472 1683.554 1687.497 1691.314 1695.048 1698.734 1702.404 1706.054 1709.622 1713.067
1628.621 1627.92 1626.976 1625.569 1623.723 1621.619 1619.439 1617.323 1615.314 1613.439 1611.474 1609.443 1607.425 1605.615 1604.378 1604.302 1604.986 1606.463 1608.571 1611.04 1613.538 1615.724 1617.339 1618.27 1618.563 1618.356 1617.788 1616.951 1615.834 1614.351 1612.38 1609.847 1606.803 1603.52 1600.503 1598.451 1598.069 1599.938 1603.85 1609.083 1614.902 1620.768 1626.401 1631.721 1636.767 1641.62 1646.336 1650.946 1655.463 1659.896 1664.251 1668.543 1672.789 1676.982 1681.106 1685.12 1688.982 1692.672 1696.217 1699.672 1703.093 1706.526 1709.987 1713.422 1716.792
1625.715 1624.938 1624.055 1622.769 1621.065 1619.085 1616.988 1614.926 1612.905 1611.49 1610.083 1608.722 1607.507 1606.525 1606.65 1607.331 1608.716 1610.802 1613.431 1616.328 1619.17 1621.632 1623.474 1624.597 1625.057 1624.997 1624.557 1623.805 1622.687 1621.056 1618.733 1615.621 1611.808 1607.653 1603.803 1601.096 1600.332 1602.111 1606.113 1611.549 1617.648 1623.853 1629.861 1635.567 1640.992 1646.2 1651.253 1656.184 1660.996 1665.678 1670.216 1674.608 1678.86 1682.97 1686.931 1690.736 1694.366 1697.819 1701.123 1704.338 1707.532 1710.761 1714.044 1717.338 1720.619
1623.536 1622.529 1621.745 1620.642 1619.259 1617.643 1616 1614.565 1613.575 1612.769 1611.975 1611.193 1610.542 1610.211 1610.588 1611.67 1613.484 1615.95 1618.879 1621.993 1624.979 1627.539 1629.46 1630.667 1631.225 1631.282 1630.954 1630.267 1629.101 1627.236 1624.441 1620.621 1615.939 1610.893 1606.283 1603.083 1602.199 1604.203 1608.538 1614.331 1620.799 1627.392 1633.8 1639.901 1645.695 1651.241 1656.601 1661.804 1666.842 1671.688 1676.316 1680.714 1684.888 1688.845 1692.598 1696.175 1699.582 1702.833 1705.954 1708.997 1712.025 1715.095 1718.234 1721.408 1724.608
1623.224 1622.807 1622.422 1621.662 1620.711 1619.594 1618.475 1617.49 1616.723 1616.19 1615.762 1615.38 1615.124 1615.17 1615.771 1617.062 1619.062 1621.675 1624.691 1627.825 1630.775 1633.268 1635.121 1636.297 1636.873 1636.99 1636.736 1636.07 1634.796 1632.61 1629.248 1624.657 1619.111 1613.246 1608.027 1604.566 1603.888 1606.404 1611.273 1617.544 1624.444 1631.445 1638.246 1644.72 1650.849 1656.688 1662.295 1667.69 1672.859 1677.765 1682.381 1686.695 1690.719 1694.478 1698.008 1701.363 1704.575 1707.671 1710.67 1713.607 1716.534 1719.499 1722.532 1725.618 1728.752
1626.189 1625.784 1625.451 1624.956 1624.323 1623.573 1622.81 1622.139 1621.635 1621.325 1621.142 1621.024 1621.009 1621.239 1621.926 1623.238 1625.216 1627.767 1630.672 1633.643 1636.391 1638.666 1640.324 1641.357 1641.864 1641.97 1641.73 1641.033 1639.595 1637.032 1633.07 1627.734 1621.424 1614.927 1609.352 1605.943 1605.83 1609.001 1614.47 1621.252 1628.586 1635.972 1643.127 1649.932 1656.349 1662.419 1668.194 1673.687 1678.881 1683.744 1688.256 1692.415 1696.247 1699.8 1703.123 1706.289 1709.35 1712.336 1715.258 1718.143 1721.019 1723.925 1726.884 1729.899 1732.972
1630.918 1630.789 1630.58 1630.244 1629.783 1629.219 1628.631 1628.12 1627.774 1627.622 1627.613 1627.672 1627.792 1628.081 1628.728 1629.916 1631.711 1634.026 1636.645 1639.291 1641.691 1643.625 1644.982 1645.783 1646.133 1646.144 1645.838 1645.048 1643.403 1640.444 1635.918 1629.953 1623.076 1616.217 1610.602 1607.558 1608.222 1612.116 1618.18 1625.437 1633.16 1640.879 1648.332 1655.406 1662.046 1668.274 1674.132 1679.633 1684.757 1689.489 1693.824 1697.787 1701.42 1704.787 1707.946 1710.973 1713.93 1716.842 1719.721 1722.582 1725.436 1728.309 1731.214 1734.166 1737.176
1636.989 1637.159 1637.087 1636.83 1636.423 1635.901 1635.346 1634.868 1634.576 1634.514 1634.628 1634.815 1635.014 1635.291 1635.819 1636.787 1638.284 1640.238 1642.443 1644.638 1646.579 1648.085 1649.076 1649.584 1649.7 1649.517 1649.042 1648.078 1646.182 1642.829 1637.827 1631.41 1624.233 1617.347 1612.063 1609.728 1611.211 1615.79 1622.378 1630.027 1638.057 1646.035 1653.714 1660.984 1667.78 1674.092 1679.956 1685.383 1690.365 1694.904 1699.026 1702.786 1706.241 1709.463 1712.512 1715.454 1718.339 1721.2 1724.052 1726.9 1729.744 1732.594 1735.454 1738.347 1741.289
1643.788 1644.186 1644.206 1643.965 1643.537 1642.972 1642.363 1641.834 1641.525 1641.496 1641.694 1641.98 1642.235 1642.472 1642.848 1643.557 1644.702 1646.224 1647.935 1649.596 1651.008 1652.035 1652.625 1652.801 1652.618 1652.154 1651.401 1650.154 1647.925 1644.188 1638.821 1632.16 1624.976 1618.405 1613.788 1612.416 1614.743 1619.951 1626.975 1634.921 1643.161 1651.306 1659.129 1666.512 1673.39 1679.727 1685.537 1690.837 1695.637 1699.964 1703.87 1707.445 1710.759 1713.883 1716.87 1719.768 1722.606 1725.419 1728.236 1731.064 1733.899 1736.735 1739.556 1742.391 1745.247
1650.745 1651.253 1651.301 1651.036 1650.557 1649.922 1649.224 1648.601 1648.226 1648.188 1648.435 1648.795 1649.095 1649.297 1649.528 1649.987 1650.778 1651.851 1653.036 1654.128 1654.974 1655.491 1655.654 1655.462 1654.929 1654.121 1652.997 1651.323 1648.655 1644.542 1638.932 1632.241 1625.33 1619.38 1615.702 1615.456 1618.661 1624.457 1631.841 1639.996 1648.359 1656.585 1664.464 1671.878 1678.759 1685.064 1690.787 1695.947 1700.571 1704.702 1708.426 1711.846 1715.055 1718.117 1721.069 1723.936 1726.735 1729.494 1732.261 1735.05 1737.861 1740.678 1743.458 1746.219 1748.967
1657.436 1657.93 1657.945 1657.644 1657.126 1656.44 1655.66 1654.929 1654.451 1654.354 1654.604 1655.01 1655.351 1655.536 1655.66 1655.911 1656.387 1657.042 1657.722 1658.253 1658.519 1658.494 1658.181 1657.54 1656.571 1655.288 1653.681 1651.524 1648.407 1643.984 1638.267 1631.745 1625.35 1620.281 1617.77 1618.733 1622.818 1629.163 1636.847 1645.144 1653.556 1661.779 1669.63 1676.995 1683.807 1690.027 1695.646 1700.682 1705.164 1709.153 1712.756 1716.075 1719.209 1722.22 1725.136 1727.964 1730.714 1733.413 1736.114 1738.843 1741.612 1744.387 1747.104 1749.761 1752.37
1663.609 1663.986 1663.926 1663.596 1663.076 1662.383 1661.558 1660.721 1660.106 1659.888 1660.075 1660.487 1660.866 1661.065 1661.131 1661.229 1661.453 1661.758 1661.996 1662.005 1661.681 1661.054 1660.16 1658.93 1657.35 1655.495 1653.368 1650.759 1647.303 1642.712 1637.051 1630.877 1625.183 1621.177 1620.015 1622.169 1627.094 1633.944 1641.886 1650.276 1658.682 1666.837 1674.584 1681.825 1688.503 1694.588 1700.079 1705.004 1709.394 1713.305 1716.848 1720.122 1723.21 1726.182 1729.055 1731.833 1734.525 1737.161 1739.787 1742.448 1745.143 1747.831 1750.444 1752.962 1755.41
1669.151 1669.344 1669.181 1668.832 1668.347 1667.701 1666.876 1665.956 1665.174 1664.774 1664.829 1665.2 1665.607 1665.845 1665.897 1665.893 1665.919 1665.933 1665.786 1665.313 1664.401 1663.1 1661.491 1659.55 1657.319 1654.882 1652.267 1649.308 1645.674 1641.086 1635.639 1629.942 1625.052 1622.198 1622.416 1625.685 1631.392 1638.705 1646.871 1655.323 1663.683 1671.723 1679.308 1686.363 1692.849 1698.755 1704.093 1708.901 1713.221 1717.1 1720.633 1723.906 1726.991 1729.944 1732.779 1735.506 1738.142 1740.716 1743.272 1745.841 1748.42 1750.969 1753.431 1755.771 1758.023
1674.025 1673.998 1673.717 1673.349 1672.927 1672.366 1671.585 1670.612 1669.663 1669.043 1668.921 1669.21 1669.632 1669.914 1669.974 1669.886 1669.731 1669.467 1668.95 1667.999 1666.514 1664.566 1662.249 1659.59 1656.698 1653.72 1650.721 1647.574 1643.962 1639.576 1634.48 1629.325 1625.254 1623.577 1624.974 1629.243 1635.653 1643.386 1651.749 1660.238 1668.527 1676.418 1683.803 1690.627 1696.876 1702.563 1707.721 1712.396 1716.632 1720.485 1724.029 1727.342 1730.47 1733.438 1736.254 1738.946 1741.538 1744.047 1746.52 1748.974 1751.411 1753.784 1756.041 1758.166 1760.19
