auxillary_inputs/dems/sew/initial_conditions/pg24f_3pt5etch.txt
ncols         436
nrows         413
xllcorner     1121548.2005005
yllcorner     886503.6505127
cellsize      24
NODATA_value  -9999
[rows 174 to 202 of 413, columns 65 to 129 of 436]
-9999 -9999 -9999 -9999 -9999 -9999 -9999 -9999 -9999 -9999 -9999 -9999 -9999 -9999 -9999 -9999 -9999 -9999 -9999 -9999 -9999 1783.644 1782.733 1781.584 1780.622 1779.86 1778.667 1777.318 1775.974 1774.533 1773.051 1771.535 1769.992 1768.497 1767.045 1765.599 1763.878 1761.81 1759.83 1758 1756.199 1754.46 1752.76 1751.114 1749.564 1748.11 1746.732 1745.451 1744.268 1743.173 1742.123 1741.05 1740.174 1739.808 1738.588 1736.888 1735.02 1733.122 1731.342 1729.668 1727.679 1725.623 1723.636 1721.622 1719.599
-9999 -9999 -9999 -9999 -9999 -9999 -9999 -9999 -9999 -9999 -9999 -9999 -9999 -9999 -9999 -9999 -9999 -9999 -9999 -9999 -9999 1785.232 1784.333 1783.181 1782.144 1781.14 1780.044 1778.845 1777.588 1776.16 1774.721 1773.236 1771.735 1770.198 1768.689 1767.538 1765.95 1763.906 1761.854 1760.042 1758.241 1756.472 1754.708 1752.97 1751.34 1749.79 1748.336 1746.995 1745.75 1744.599 1743.485 1742.375 1741.567 1740.925 1739.788 1738.103 1736.293 1734.384 1732.413 1730.501 1728.667 1726.741 1724.599 1722.548 1720.499
-9999 -9999 -9999 -9999 -9999 -9999 -9999 -9999 -9999 -9999 -9999 -9999 -9999 -9999 -9999 -9999 -9999 -9999 -9999 -9999 1787.53 1786.985 1786.22 1785.133 1783.923 1782.796 1781.618 1780.435 1779.6 1778.142 1776.518 1774.978 1773.513 1772.019 1770.524 1769.628 1768.209 1766.52 1764.235 1762.125 1760.336 1758.535 1756.71 1754.908 1753.188 1751.556 1750.031 1748.62 1747.301 1746.074 1744.874 1743.728 1742.769 1741.755 1740.236 1738.942 1737.434 1735.659 1733.735 1731.79 1730.003 1728.073 1725.708 1723.546 1721.457
-9999 -9999 -9999 -9999 -9999 -9999 -9999 -9999 -9999 -9999 -9999 -9999 -9999 -9999 -9999 -9999 -9999 -9999 -9999 -9999 1789.115 1788.715 1788.158 1787.124 1785.892 1784.658 1783.375 1782.123 1781.032 1779.729 1778.288 1776.755 1775.326 1773.874 1772.447 1771.435 1770.187 1769.012 1766.819 1764.689 1762.44 1760.604 1758.739 1756.89 1755.095 1753.387 1751.789 1750.306 1748.892 1747.554 1746.257 1745.009 1743.93 1742.709 1741.297 1740.01 1738.649 1736.953 1735.099 1733.217 1731.397 1729.509 1727.029 1724.583 1722.456
-9999 -9999 -9999 -9999 -9999 -9999 -9999 -9999 -9999 -9999 -9999 -9999 -9999 -9999 -9999 -9999 -9999 -9999 -9999 -9999 1790.493 1790.138 1789.796 1788.832 1787.649 1786.48 1785.189 1783.833 1782.495 1781.189 1779.883 1778.531 1777.144 1775.743 1774.446 1773.202 1771.813 1770.305 1768.664 1767.005 1764.79 1762.661 1760.773 1758.89 1757.047 1755.288 1753.619 1752.011 1750.489 1749.041 1747.63 1746.252 1745.039 1743.749 1742.367 1741.053 1739.777 1738.108 1736.315 1734.437 1732.481 1730.37 1728.233 1725.714 1723.431
-9999 -9999 -9999 -9999 -9999 -9999 -9999 -9999 -9999 -9999 -9999 -9999 -9999 -9999 -9999 -9999 -9999 -9999 -9999 -9999 1791.625 1791.002 1790.344 1789.903 1789.017 1788.159 1786.928 1785.525 1784.198 1782.929 1781.649 1780.321 1778.963 1777.674 1776.404 1775.019 1773.552 1772.023 1770.496 1769.377 1767.233 1764.702 1762.788 1760.897 1759.041 1757.246 1755.489 1753.76 1752.098 1750.531 1748.988 1747.481 1746.143 1744.778 1743.299 1741.772 1740.208 1738.919 1737.332 1735.535 1733.601 1731.582 1729.571 1727.105 1724.447
-9999 -9999 -9999 -9999 -9999 -9999 -9999 -9999 -9999 -9999 -9999 -9999 -9999 -9999 -9999 -9999 -9999 -9999 -9999 -9999 1793.073 1792.543 1791.936 1791.219 1790.347 1789.779 1788.599 1787.271 1785.944 1784.7 1783.418 1782.097 1780.765 1779.652 1778.31 1776.837 1775.397 1774.019 1772.682 1771.439 1769.633 1767.133 1764.812 1762.914 1761.043 1759.206 1757.355 1755.511 1753.707 1751.977 1750.308 1748.708 1747.246 1745.803 1744.244 1742.644 1741.108 1739.826 1738.266 1736.511 1734.586 1732.534 1730.381 1728.299 1725.734
-9999 -9999 -9999 -9999 -9999 -9999 -9999 -9999 -9999 -9999 -9999 -9999 -9999 -9999 -9999 -9999 -9999 -9999 -9999 -9999 1794.542 1794.055 1793.494 1792.808 1791.962 1791.049 1789.999 1788.855 1787.897 1786.579 1785.168 1783.851 1782.535 1781.328 1779.987 1778.515 1777.172 1775.985 1774.716 1773.331 1771.645 1769.603 1767.154 1764.89 1762.978 1761.049 1759.117 1757.185 1755.269 1753.419 1751.644 1749.953 1748.3 1746.782 1745.166 1743.485 1741.809 1740.217 1738.976 1737.331 1735.451 1733.471 1731.485 1729.542 1726.915
-9999 -9999 -9999 -9999 -9999 -9999 -9999 -9999 -9999 -9999 -9999 -9999 -9999 -9999 -9999 -9999 -9999 -9999 -9999 -9999 1795.936 1795.504 1794.989 1794.331 1793.509 1792.575 1791.56 1790.487 1789.721 1788.48 1786.971 1785.572 1784.264 1782.996 1781.592 1780.089 1778.803 1777.871 1776.599 1775.053 1773.343 1771.497 1769.384 1767.094 1764.974 1762.772 1760.772 1758.802 1756.814 1754.879 1752.995 1751.154 1749.355 1747.662 1746.071 1744.357 1742.666 1741.12 1739.82 1738.014 1736.08 1734.09 1732.069 1729.979 1727.556
-9999 -9999 -9999 -9999 -9999 -9999 -9999 -9999 -9999 -9999 -9999 -9999 -9999 -9999 -9999 -9999 -9999 -9999 -9999 -9999 1797.476 1797.07 1796.451 1795.766 1794.976 1794.082 1793.107 1792.071 1790.979 1789.829 1788.648 1787.274 1786.032 1784.775 1783.307 1781.771 1780.372 1779.693 1778.372 1776.726 1775.115 1773.242 1771.041 1769.428 1767.306 1764.907 1762.556 1760.386 1758.348 1756.319 1754.308 1752.33 1750.391 1748.688 1746.987 1745.164 1743.381 1741.673 1740.025 1738.262 1736.37 1734.373 1732.276 1730.072 1727.823
-9999 -9999 -9999 -9999 -9999 -9999 -9999 -9999 -9999 -9999 -9999 -9999 -9999 -9999 -9999 -9999 -9999 -9999 -9999 1799.027 1798.883 1798.626 1798.01 1797.238 1796.358 1795.509 1794.569 1793.545 1792.438 1791.23 1790.01 1788.811 1787.714 1786.575 1785.109 1783.474 1781.998 1780.922 1779.788 1778.496 1777.068 1775.418 1773.39 1771.483 1769.362 1766.88 1764.523 1762.272 1760.006 1757.727 1755.578 1753.458 1751.379 1749.744 1747.757 1745.667 1743.709 1741.846 1740.044 1738.301 1736.447 1734.456 1732.328 1730.082 1727.857
-9999 -9999 -9999 -9999 -9999 -9999 -9999 -9999 -9999 -9999 -9999 -9999 -9999 -9999 -9999 -9999 -9999 -9999 -9999 1800.081 1800.015 1799.936 1799.272 1798.539 1797.759 1796.832 1795.913 1794.895 1793.786 1792.584 1791.356 1790.106 1789.096 1788.282 1786.822 1785.085 1783.486 1782.051 1780.586 1779.843 1778.814 1777.592 1775.546 1773.209 1770.676 1768.469 1766.325 1764.129 1761.827 1759.477 1756.918 1754.534 1752.3 1750.089 1747.895 1745.774 1743.793 1741.886 1740.054 1738.278 1736.414 1734.431 1732.318 1730.075 1727.71
-9999 -9999 -9999 -9999 -9999 -9999 -9999 -9999 -9999 -9999 -9999 -9999 -9999 -9999 -9999 -9999 -9999 -9999 -9999 1800.867 1800.774 1800.562 1800.008 1799.46 1798.973 1797.971 1797.061 1796.054 1794.954 1793.76 1792.505 1791.244 1790.085 1789.74 1788.243 1786.46 1784.839 1783.433 1782.005 1780.937 1780.104 1779.464 1777.354 1774.927 1772.443 1770.185 1768.135 1765.927 1763.398 1760.66 1758.152 1755.565 1753.167 1750.78 1748.423 1746.112 1743.856 1741.745 1740.011 1738.121 1736.151 1734.148 1732.11 1729.951 1727.335
-9999 -9999 -9999 -9999 -9999 -9999 -9999 -9999 -9999 -9999 -9999 -9999 -9999 -9999 -9999 -9999 -9999 -9999 -9999 1801.418 1801.269 1800.982 1800.5 1800.066 1799.933 1798.969 1797.967 1796.99 1795.907 1794.721 1793.467 1792.224 1791.027 1790.073 1789.026 1787.437 1786.049 1784.688 1783.287 1781.971 1780.97 1779.969 1778.327 1776.28 1774.084 1771.969 1769.96 1767.766 1765.096 1762.254 1759.511 1756.575 1754.01 1751.45 1748.93 1746.455 1744.036 1741.7 1739.704 1737.689 1735.618 1733.559 1731.519 1729.441 1726.559
-9999 -9999 -9999 -9999 -9999 -9999 -9999 -9999 -9999 -9999 -9999 -9999 -9999 -9999 -9999 -9999 -9999 -9999 -9999 1801.791 1801.607 1801.306 1800.94 1800.601 1800.087 1799.461 1798.576 1797.654 1796.602 1795.444 1794.248 1793.087 1791.964 1790.85 1789.869 1788.468 1787.128 1785.812 1784.459 1783.029 1781.561 1780.171 1778.994 1777.34 1775.418 1773.428 1771.45 1769.366 1766.562 1763.597 1760.556 1757.567 1754.857 1752.138 1749.463 1746.829 1744.245 1741.743 1739.343 1736.979 1734.737 1732.604 1730.379 1728.093 1725.248
-9999 -9999 -9999 -9999 -9999 -9999 -9999 -9999 -9999 -9999 -9999 -9999 -9999 -9999 -9999 -9999 -9999 1802.171 1802.135 1802.019 1801.82 1801.538 1801.238 1800.938 1800.449 1799.961 1798.946 1798 1796.999 1795.951 1794.874 1793.804 1792.742 1791.659 1790.507 1789.309 1788.091 1786.844 1785.541 1784.152 1782.692 1781.121 1779.836 1778.276 1776.467 1774.468 1772.32 1770.013 1767.532 1764.806 1761.907 1758.857 1755.726 1752.869 1750.05 1747.261 1744.523 1741.856 1739.271 1736.747 1734.255 1731.748 1729.457 1726.729 1723.89
-9999 -9999 1797.12 1797.864 1798.462 1798.99 -9999 -9999 -9999 -9999 -9999 -9999 -9999 -9999 -9999 -9999 1802.312 1802.324 1802.255 1802.111 1801.901 1801.637 1801.335 1801.031 1800.599 1800.004 1799.082 1798.145 1797.225 1796.305 1795.331 1794.33 1793.317 1792.282 1791.202 1790.081 1789.077 1787.75 1786.435 1785.089 1783.671 1782.141 1780.498 1778.967 1777.329 1775.331 1773.039 1770.542 1768.407 1765.878 1762.995 1759.811 1756.606 1753.647 1750.696 1747.76 1744.866 1742.032 1739.27 1736.577 1733.927 1731.277 1728.61 1725.886 1723.104
-9999 1796.394 1797.087 1797.854 1798.471 1799.009 1799.528 1799.957 1800.261 1800.531 1800.782 -9999 -9999 -9999 -9999 1802.296 1802.373 1802.349 1802.24 1802.063 1801.835 1801.578 1801.308 1801.022 1800.629 1800.004 1799.153 1798.218 1797.418 1796.638 1795.734 1794.776 1793.798 1792.797 1791.764 1790.688 1789.91 1788.53 1787.144 1785.861 1784.487 1783.02 1781.45 1779.825 1778.214 1776.28 1774.07 1771.745 1769.592 1767.017 1764.05 1760.741 1757.486 1754.432 1751.357 1748.299 1745.267 1742.28 1739.359 1736.5 1733.691 1730.908 1728.101 1725.251 1722.366
1795.51 1796.177 1796.957 1797.74 1798.376 1798.962 1799.485 1799.914 1800.211 1800.506 1800.772 1801.011 -9999 -9999 1802.095 1802.271 1802.317 1802.249 1802.091 1801.871 1801.613 1801.348 1801.094 1800.892 1800.595 1800.008 1799.156 1798.214 1797.415 1796.647 1795.769 1794.866 1793.946 1792.998 1792.017 1790.997 1790.014 1788.845 1787.689 1786.464 1785.158 1783.77 1782.265 1780.642 1778.936 1777.225 1775.134 1772.827 1770.449 1768.143 1765.28 1762.125 1758.915 1755.252 1752.082 1748.923 1745.766 1742.638 1739.57 1736.553 1733.588 1730.658 1727.7 1724.721 1721.737
1795.159 1795.894 1796.691 1797.446 1798.127 1798.793 1799.317 1799.732 1800.041 1800.392 1800.691 1800.964 1801.196 1801.651 1801.971 1802.135 1802.145 1802.023 1801.807 1801.541 1801.235 1800.952 1800.704 1800.579 1800.456 1799.978 1799.028 1798.035 1797.172 1796.302 1795.417 1794.594 1793.772 1792.914 1792.01 1791.062 1790.073 1789.049 1787.986 1786.865 1785.666 1784.357 1782.923 1781.361 1779.825 1778.2 1776.215 1773.99 1771.688 1769.402 1766.417 1763.208 1759.91 1756.371 1752.882 1749.64 1746.381 1743.134 1739.93 1736.756 1733.624 1730.538 1727.44 1724.326 1721.232
1794.75 1795.466 1796.23 1797.016 1797.765 1798.441 1799.007 1799.467 1799.866 1800.188 1800.443 1800.69 1800.93 1801.387 1801.73 1801.882 1801.854 1801.672 1801.385 1801.086 1800.712 1800.448 1800.159 1800.003 1799.973 1799.399 1798.481 1797.65 1796.779 1795.875 1794.965 1794.123 1793.327 1792.575 1791.787 1790.943 1790.046 1789.092 1788.091 1787.049 1785.949 1784.755 1783.421 1781.938 1780.286 1778.953 1777.152 1774.961 1772.555 1770.007 1767.192 1764.06 1760.805 1757.708 1754.217 1750.587 1747.104 1743.764 1740.437 1737.113 1733.823 1730.582 1727.345 1724.108 1720.895
1794.204 1794.922 1795.705 1796.48 1797.216 1797.914 1798.542 1798.986 1799.412 1799.749 1799.954 1800.173 1800.445 1800.972 1801.348 1801.488 1801.431 1801.192 1800.81 1800.535 1800.083 1799.953 1799.519 1799.224 1798.964 1798.388 1797.638 1796.92 1796.087 1795.239 1794.363 1793.568 1792.822 1792.101 1791.353 1790.634 1789.974 1789.035 1788.071 1787.088 1786.064 1784.975 1783.772 1782.408 1780.86 1779.814 1777.996 1775.801 1773.307 1770.587 1768.014 1765.171 1762.136 1759.178 1755.685 1752.169 1748.609 1744.485 1741.046 1737.601 1734.171 1730.785 1727.411 1724.049 1720.71
1793.61 1794.257 1795.013 1795.806 1796.547 1797.164 1797.762 1798.212 1798.667 1798.977 1799.209 1799.515 1799.808 1800.362 1800.785 1800.901 1800.845 1800.598 1800.051 1799.917 1799.311 1799.021 1798.695 1798.256 1797.818 1797.256 1796.668 1795.96 1795.174 1794.403 1793.645 1792.878 1792.158 1791.548 1790.867 1790.19 1789.508 1788.76 1787.914 1787.01 1786.059 1785.059 1783.976 1782.753 1781.327 1779.999 1778.524 1776.57 1774.245 1771.756 1769.328 1766.275 1763.078 1759.889 1756.541 1753.126 1749.545 1745.362 1741.755 1738.212 1734.657 1731.138 1727.625 1724.129 1720.665
1792.871 1793.512 1794.201 1794.95 1795.657 1796.225 1796.784 1797.227 1797.669 1797.99 1798.271 1798.63 1798.909 1799.47 1799.953 1800.011 1800.007 1799.926 1799.311 1798.808 1798.389 1798.039 1797.667 1797.186 1796.699 1796.116 1795.502 1794.83 1794.1 1793.379 1792.713 1791.994 1791.305 1790.753 1790.164 1789.611 1788.961 1788.336 1787.552 1786.769 1785.925 1785.031 1784.057 1782.961 1781.673 1780.124 1779.057 1777.306 1775.077 1772.594 1769.967 1767.021 1763.71 1760.275 1757.084 1753.739 1750.151 1746.429 1742.549 1738.934 1735.278 1731.627 1727.974 1724.342 1720.747
1792.075 1792.693 1793.31 1793.973 1794.615 1795.148 1795.665 1796.085 1796.482 1796.823 1797.13 1797.472 1797.768 1798.179 1798.575 1798.694 1798.672 1798.551 1798.082 1797.754 1797.349 1796.916 1796.465 1795.956 1795.424 1794.841 1794.219 1793.582 1792.931 1792.267 1791.651 1790.986 1790.335 1789.816 1789.272 1788.793 1788.326 1787.768 1787.139 1786.35 1785.621 1784.88 1784.031 1783.053 1781.895 1780.756 1779.838 1778.028 1775.803 1773.293 1770.554 1767.866 1764.512 1760.951 1757.898 1754.542 1750.969 1747.601 1743.786 1739.695 1735.961 1732.198 1728.427 1724.671 1720.948
1791.259 1791.793 1792.309 1792.902 1793.455 1793.959 1794.42 1794.817 1795.167 1795.493 1795.804 1796.111 1796.409 1796.648 1796.977 1797.154 1797.196 1797.03 1796.839 1796.521 1796.103 1795.64 1795.148 1794.605 1794.043 1793.466 1792.876 1792.277 1791.695 1791.084 1790.486 1789.946 1789.361 1788.809 1788.393 1787.966 1787.519 1787.057 1786.511 1785.874 1785.216 1784.592 1783.892 1783.039 1782.003 1781.008 1779.999 1778.411 1776.398 1774.1 1771.646 1769.133 1765.737 1762.395 1759.36 1756.022 1752.512 1749.076 1745.114 1740.781 1736.681 1732.822 1728.949 1725.087 1721.259
1790.508 1790.931 1791.353 1791.842 1792.273 1792.712 1793.101 1793.453 1793.77 1794.047 1794.327 1794.612 1794.909 1795.176 1795.438 1795.636 1795.754 1795.71 1795.503 1795.18 1794.773 1794.324 1793.805 1793.215 1792.614 1792.031 1791.473 1790.923 1790.375 1789.929 1789.322 1788.945 1788.419 1787.901 1787.46 1787.053 1786.662 1786.273 1785.788 1785.242 1784.752 1784.195 1783.604 1782.886 1781.966 1780.992 1780.005 1778.625 1776.839 1774.733 1772.391 1769.813 1766.688 1763.671 1760.557 1757.449 1753.878 1750.156 1746.376 1742.252 1737.666 1733.5 1729.547 1725.594 1721.683
1789.818 1790.156 1790.522 1790.861 1791.138 1791.449 1791.759 1792.036 1792.304 1792.528 1792.76 1793.035 1793.329 1793.614 1793.896 1794.115 1794.255 1794.234 1794.052 1793.769 1793.389 1792.939 1792.411 1791.805 1791.168 1790.564 1790.021 1789.904 1789.261 1788.82 1788.247 1787.756 1787.253 1786.784 1786.38 1786.025 1785.696 1785.37 1784.963 1784.537 1784.119 1783.712 1783.177 1782.539 1781.73 1780.84 1779.999 1778.792 1777.188 1775.24 1772.995 1770.476 1767.95 1765.023 1762.008 1758.974 1755.208 1751.256 1747.655 1743.596 1739.043 1734.217 1730.211 1726.19 1722.224
1789.134 1789.459 1789.743 1789.918 1790.046 1790.209 1790.415 1790.615 1790.829 1791.007 1791.261 1791.45 1791.718 1792.011 1792.294 1792.522 1792.656 1792.65 1792.504 1792.249 1791.892 1791.473 1790.958 1790.347 1789.9 1789.23 1788.858 1788.55 1788.004 1787.476 1786.917 1786.392 1785.915 1785.506 1785.17 1784.887 1784.628 1784.364 1784.053 1783.747 1783.362 1783.021 1782.62 1782.01 1781.26 1780.681 1780.002 1778.943 1777.491 1775.718 1773.7 1771.521 1769.259 1766.151 1763.072 1759.931 1756.484 1752.797 1749.14 1744.876 1740.23 1735.225 1730.918 1726.861 1722.848
