auxillary_inputs/dems/sew/initial_conditions/pg24f_randetch.txt
ncols         436
nrows         413
xllcorner     1121548.2005005
yllcorner     886503.6505127
cellsize      24
NODATA_value  -9999
[rows 145 to 173 of 413, columns 260 to 324 of 436]
1450.705 1445.975 1442.259 1438.643 1435.219 1432.578 1430.155 1428.724 1427.137 1426.522 1426.241 1426.492 1427.083 1427.662 1428.347 1429.143 1430.089 1431.478 1431.512 1431.659 1432.403 1433.031 1432.709 1432.112 1431.391 1430.949 1430.435 1429.978 1429.056 1427.586 1426.051 1424.245 1423.129 1421.837 1420.735 1420.26 1419.315 1418.827 1418.221 1417.875 1417.499 1416.668 1416.511 1415.666 1414.72 1413.643 1413.214 1412.627 1412.002 1411.363 1410.786 1410.063 1409.815 1409.686 1409.199 1408.806 1408.232 1407.38 1406.907 1406.576 1405.992 1405.172 1404.283 1403.66 1402.707
1450.222 1446.173 1442.113 1438.923 1435.841 1432.865 1431.093 1429.32 1428.659 1428.194 1428.03 1428.361 1429.131 1429.518 1430.453 1430.948 1432.065 1432.666 1432.915 1433.245 1433.487 1433.905 1433.26 1432.857 1432.113 1431.958 1431.242 1430.419 1429.829 1428.584 1426.918 1425.23 1424.062 1422.372 1421.474 1420.735 1419.909 1419.443 1418.757 1418.245 1418.055 1416.904 1416.615 1416.243 1415.045 1414.295 1413.679 1412.891 1412.055 1411.475 1410.899 1410.691 1410.155 1409.814 1409.638 1409.167 1408.651 1408.089 1407.412 1406.935 1406.247 1405.795 1404.966 1404.07 1403.126
1450.74 1446.89 1442.846 1439.356 1436.487 1433.681 1431.729 1430.607 1429.709 1429.75 1429.947 1430.074 1430.671 1431.458 1431.974 1433.27 1434.268 1434.573 1434.681 1434.787 1434.835 1434.714 1434.469 1433.811 1433.095 1432.616 1431.907 1430.979 1429.907 1429.165 1427.905 1426.226 1424.705 1423.222 1422.154 1421.02 1420.124 1419.348 1418.986 1418.76 1418.29 1417.747 1416.826 1416.195 1415.796 1414.916 1413.907 1413.184 1412.578 1411.756 1411.545 1410.745 1410.427 1410.027 1409.591 1409.288 1409.059 1408.343 1407.947 1407.564 1406.803 1406.277 1405.561 1404.768 1403.427
1451.265 1447.199 1443.213 1439.754 1436.989 1434.681 1432.658 1431.736 1431.11 1431.178 1431.778 1431.995 1432.501 1433.704 1434.705 1435.631 1436.014 1435.985 1436.336 1436.101 1435.972 1435.53 1435.185 1434.495 1433.666 1432.942 1432.409 1431.436 1430.426 1429.523 1428.661 1426.918 1425.485 1424.141 1422.658 1421.81 1420.676 1420.056 1419.667 1419.124 1418.394 1418.076 1417.438 1416.929 1415.916 1415.22 1414.298 1413.64 1412.891 1412.268 1411.759 1411.056 1410.582 1410.311 1410.042 1409.225 1409.237 1408.788 1408.274 1408.086 1407.642 1406.563 1406.167 1404.935 1403.869
1451.884 1448.002 1444.059 1440.568 1437.877 1435.543 1434.083 1433.078 1432.843 1432.66 1432.772 1433.588 1435.208 1436.608 1437.515 1437.715 1438.173 1437.719 1437.439 1437.492 1437.389 1436.813 1436.198 1435.401 1434.68 1433.404 1432.246 1431.52 1430.455 1430.137 1428.493 1427.255 1425.467 1424.144 1423.145 1421.89 1421.245 1420.653 1420.246 1419.601 1418.878 1418.699 1417.918 1417.302 1416.361 1415.691 1415.019 1413.875 1413.331 1412.417 1412.086 1411.34 1410.78 1410.292 1410.14 1409.82 1409.315 1409.229 1408.965 1408.786 1408.118 1407.102 1406.13 1405.129 1404.492
1452.575 1448.603 1444.709 1441.278 1438.336 1436.64 1435.035 1434.369 1434.046 1434.44 1434.841 1435.607 1437.193 1438.535 1439.233 1439.851 1439.96 1439.085 1439.054 1438.75 1438.438 1437.907 1436.944 1436.011 1435.111 1434.039 1432.696 1431.307 1430.239 1429.371 1428.318 1427.332 1425.88 1424.519 1423.554 1422.527 1421.605 1420.969 1420.398 1419.946 1419.509 1418.918 1418.374 1417.66 1416.736 1415.941 1415.187 1414.415 1413.806 1412.869 1412.329 1411.819 1411.075 1410.649 1410.518 1409.95 1410.099 1409.403 1409.493 1409.065 1408.609 1407.829 1407.085 1405.701 1404.703
1453.126 1449.25 1445.533 1442.497 1439.872 1437.577 1436.469 1435.586 1435.364 1435.8 1436.237 1436.97 1439.025 1439.767 1439.898 1440.388 1440.716 1440.059 1440.019 1439.886 1439.311 1438.105 1437.586 1436.725 1435.715 1434.354 1432.992 1431.514 1429.805 1429.333 1427.954 1427.152 1425.996 1424.856 1424.033 1422.887 1421.966 1421.506 1420.859 1420.135 1419.54 1419.27 1418.448 1417.763 1417.192 1416.533 1415.815 1414.879 1414.194 1413.534 1412.742 1412.166 1411.804 1411.054 1410.871 1410.146 1410.192 1410.215 1410.051 1409.926 1409.233 1408.003 1407.136 1406.231 1405.037
1453.874 1449.766 1446.37 1443.043 1440.471 1438.598 1437.257 1436.87 1436.803 1437.091 1437.747 1438.504 1440.108 1440.861 1441.312 1441.343 1441.454 1440.995 1440.776 1440.473 1440.173 1439.159 1438.717 1437.961 1436.569 1435.182 1433.28 1431.57 1430.183 1429.069 1427.881 1426.78 1425.978 1424.982 1423.899 1423.096 1422.505 1421.539 1420.967 1420.451 1420.084 1419.55 1418.884 1418.125 1417.732 1416.61 1416.052 1415.304 1414.696 1413.899 1412.921 1412.562 1412.167 1411.328 1411.219 1410.813 1410.579 1410.389 1410.212 1409.862 1409.382 1408.556 1407.652 1406.708 1405.526
1454.056 1450.713 1447.032 1444.013 1441.783 1439.827 1438.723 1438.045 1438 1438.588 1439.334 1439.702 1440.681 1441.706 1442.023 1442.397 1442.141 1441.806 1441.402 1440.963 1440.406 1440.044 1439.95 1439.364 1437.444 1435.519 1433.513 1431.647 1430.171 1429.066 1428.051 1426.771 1425.982 1424.878 1424.109 1423.59 1422.708 1422.072 1421.174 1420.536 1419.682 1419.583 1418.979 1418.372 1417.779 1416.855 1416.541 1415.543 1414.971 1414.404 1413.72 1413.193 1412.363 1411.924 1411.641 1411.192 1410.721 1410.541 1410.46 1410.206 1409.586 1408.937 1407.862 1406.868 1405.849
1454.728 1450.974 1447.52 1444.726 1442.455 1440.775 1439.817 1439.551 1439.412 1439.909 1440.556 1441.085 1441.535 1442.091 1442.634 1442.883 1443.052 1442.529 1442.001 1442.007 1441.13 1441.04 1440.584 1439.96 1438.215 1435.977 1433.946 1431.911 1430.391 1429.072 1427.84 1427.009 1426.093 1424.843 1424.234 1423.485 1423.047 1422.128 1421.412 1420.774 1420.398 1419.688 1419.323 1418.63 1417.643 1417.398 1416.765 1416.034 1415.226 1414.616 1414.159 1413.49 1412.782 1412.474 1411.9 1411.256 1411.122 1410.856 1410.444 1410.208 1409.494 1408.919 1407.908 1406.812 1405.809
1454.691 1451.123 1448.062 1445.591 1443.461 1442.304 1441.253 1440.843 1441.042 1441.414 1442.03 1442.58 1442.781 1442.745 1443.271 1443.454 1443.594 1443.194 1442.704 1442.522 1441.702 1441.46 1441.169 1440.069 1438.232 1436.134 1433.871 1432.151 1430.775 1429.274 1428.362 1427.104 1426.238 1425.176 1424.514 1423.68 1422.974 1422.143 1421.532 1420.879 1420.457 1420.093 1419.482 1418.826 1418.279 1417.746 1417.186 1416.225 1415.743 1415.122 1414.233 1413.739 1413.219 1412.81 1412.223 1411.483 1411.289 1410.828 1410.517 1410.123 1409.3 1408.741 1407.895 1406.916 1405.877
1454.486 1451.16 1448.422 1446.244 1444.528 1443.354 1442.642 1442.605 1442.61 1443.029 1443.416 1443.543 1443.672 1444.389 1444.763 1444.608 1444.513 1443.984 1443.491 1442.981 1442.411 1441.752 1441.552 1439.796 1438.559 1436.375 1434.038 1432.568 1430.853 1429.7 1428.643 1427.422 1426.188 1425.435 1424.649 1423.922 1423.163 1422.296 1421.56 1421.065 1420.531 1420.113 1419.7 1418.684 1418.153 1417.541 1416.941 1416.257 1415.641 1415.326 1414.58 1414.172 1413.496 1412.851 1412.137 1411.742 1411.061 1410.604 1410.251 1410.182 1409.443 1408.436 1408.103 1407.341 1406.168
1454.558 1451.548 1449.153 1446.906 1445.205 1444.796 1444.509 1443.779 1443.824 1444.384 1444.875 1445.034 1445.147 1445.792 1445.875 1445.757 1445.498 1444.849 1444.051 1443.629 1442.952 1442.055 1441.291 1439.853 1438.191 1436.453 1434.522 1433.119 1431.487 1430.126 1428.83 1427.869 1426.613 1425.791 1424.577 1424.011 1423.094 1422.557 1421.907 1420.995 1420.325 1420.075 1419.48 1418.996 1418.171 1418.006 1417.193 1416.329 1415.833 1415.154 1414.554 1413.78 1413.397 1412.782 1411.912 1411.659 1411.251 1410.575 1410.16 1409.991 1409.358 1408.582 1407.759 1406.818 1406.081
1454.519 1451.876 1449.545 1447.756 1446.791 1446.085 1445.659 1445.54 1445.624 1446.147 1446.31 1446.51 1447.427 1447.298 1447.054 1446.366 1446.217 1445.518 1444.985 1444.343 1443.337 1442.273 1441.122 1440.08 1438.323 1436.649 1435.224 1433.29 1431.773 1430.269 1429.034 1428.139 1426.915 1425.774 1424.983 1424.227 1423.101 1422.502 1422.022 1421.034 1420.396 1419.952 1419.518 1419.193 1418.347 1417.671 1417.163 1416.372 1415.753 1414.977 1414.384 1413.479 1413.405 1412.397 1411.876 1411.512 1411.111 1410.207 1410.021 1409.721 1409.018 1408.399 1407.45 1406.714 1405.817
1454.596 1452.072 1450.05 1448.758 1447.589 1447.241 1447.39 1447.628 1447.294 1447.603 1447.941 1449.072 1449.061 1448.469 1448.174 1447.96 1447.205 1446.174 1445.39 1444.747 1443.536 1442.583 1441.372 1440.093 1439.029 1437.442 1435.565 1433.85 1432.455 1430.769 1429.322 1428.28 1427.028 1425.969 1425.035 1423.988 1423.723 1422.657 1421.842 1421.152 1420.563 1419.861 1419.409 1418.923 1418.394 1417.724 1417.117 1416.173 1415.993 1414.996 1414.29 1413.758 1413.036 1412.307 1411.69 1411.196 1410.875 1410.419 1410.078 1409.706 1409.081 1408.513 1407.59 1406.9 1405.866
1454.823 1452.523 1450.721 1449.83 1449.012 1448.945 1448.897 1448.902 1449.201 1449.371 1449.765 1450.676 1450.169 1449.6 1449.147 1448.838 1447.838 1446.994 1446.658 1445.087 1444.18 1443.186 1442.085 1440.437 1439.841 1438.165 1436.296 1434.102 1432.563 1430.996 1429.836 1428.317 1427.308 1426.489 1425.418 1424.571 1423.655 1422.707 1422.185 1421.115 1420.451 1420.048 1419.338 1419.098 1418.73 1417.811 1417.287 1416.759 1415.855 1415.336 1414.327 1413.982 1412.95 1412.486 1411.446 1411.015 1410.487 1410.425 1409.996 1409.384 1409.046 1407.966 1407.502 1406.438 1405.794
1454.91 1452.935 1451.667 1450.876 1450.404 1450.337 1450.502 1450.974 1451.252 1451.327 1451.839 1452.193 1451.267 1450.683 1450.224 1449.669 1448.912 1447.819 1446.864 1445.89 1444.799 1443.767 1442.451 1441.1 1440.249 1438.943 1437.292 1434.995 1433.183 1431.377 1430.158 1428.792 1427.973 1427.267 1426.015 1424.922 1423.96 1423.178 1422.245 1421.695 1420.539 1420.119 1419.896 1419.183 1418.813 1417.903 1417.675 1416.91 1416.304 1415.437 1414.875 1413.74 1412.985 1412.342 1411.774 1410.922 1410.536 1409.975 1409.998 1409.426 1408.734 1408.065 1407.471 1406.821 1405.651
1455.161 1453.935 1452.712 1451.996 1451.646 1451.768 1452.424 1452.676 1453.012 1453.238 1453.638 1453.945 1453.61 1452.744 1452.436 1451.123 1450.237 1448.987 1447.932 1446.904 1445.363 1444.12 1442.711 1441.67 1440.905 1439.641 1437.916 1435.766 1433.657 1431.952 1430.562 1429.175 1428.247 1427.225 1426.428 1425.362 1424.441 1423.365 1422.382 1421.623 1421.172 1420.525 1419.979 1419.436 1418.943 1418.466 1417.978 1417.072 1416.429 1415.867 1415.203 1414.014 1412.753 1412.542 1411.804 1411 1410.066 1410.157 1409.548 1409.116 1408.458 1407.758 1407.253 1406.53 1405.741
1455.536 1454.316 1453.764 1453.497 1453.331 1453.528 1454.008 1454.711 1454.852 1455.331 1455.179 1455.679 1455.395 1455.364 1453.732 1452.507 1451.187 1450.163 1448.796 1447.676 1445.965 1444.997 1443.382 1442.151 1440.984 1440.09 1438.521 1436.531 1434.297 1432.476 1430.82 1429.97 1428.663 1427.617 1426.733 1425.586 1424.415 1423.657 1422.963 1422.123 1421.389 1420.521 1420.129 1419.685 1419.07 1418.606 1417.903 1417.655 1416.797 1415.658 1414.927 1414.159 1413.397 1412.459 1411.833 1410.941 1410.303 1410.134 1409.569 1409.121 1408.071 1407.698 1406.935 1406.543 1405.612
1456.507 1455.589 1455.318 1454.474 1455.007 1455.227 1455.98 1456.63 1457.363 1457.531 1457.377 1457.902 1457.954 1457.865 1456.199 1454.005 1452.869 1451.345 1449.808 1448.409 1446.905 1445.782 1444.348 1442.757 1441.511 1439.878 1438.611 1436.991 1434.973 1433.199 1431.676 1430.299 1428.92 1428.012 1426.974 1426.052 1425.127 1424.222 1423.246 1422.486 1421.942 1420.826 1420.212 1420.064 1419.568 1419.164 1418.499 1417.92 1417.144 1416.03 1415.396 1414.248 1413.382 1412.648 1411.895 1411.032 1410.093 1410.036 1409.376 1408.585 1407.895 1407.223 1406.686 1406.049 1405.582
1457.449 1456.68 1456.731 1456.527 1456.746 1457.418 1458.087 1459.224 1459.62 1459.906 1460.756 1460.764 1460.66 1460.369 1459.074 1456.657 1454.349 1452.799 1451.205 1449.611 1447.943 1446.399 1444.738 1443.449 1441.999 1440.323 1439.193 1437.534 1435.2 1433.678 1431.79 1430.739 1429.036 1428.181 1427.573 1426.283 1425.09 1424.354 1423.386 1422.718 1421.91 1421.017 1420.575 1420.256 1419.809 1419.568 1419.054 1418.264 1417.476 1416.576 1415.581 1414.858 1413.773 1412.984 1411.985 1410.809 1410.236 1409.531 1408.901 1408.26 1407.457 1406.988 1406.221 1405.873 1405.022
1458.904 1458.371 1458.352 1458.446 1459.236 1460.119 1460.739 1461.412 1462.19 1463.881 1465.09 1464.985 1464.343 1463.457 1461.756 1459.52 1456.691 1454.412 1452.303 1450.811 1448.685 1447.555 1445.87 1444.027 1442.487 1440.977 1439.76 1438.074 1436.02 1434.087 1432.547 1430.923 1429.848 1428.684 1427.446 1426.539 1425.689 1424.805 1423.917 1423.198 1422.274 1421.689 1420.977 1420.604 1420.626 1419.984 1419.179 1418.438 1417.704 1416.841 1415.844 1414.928 1414.164 1413.023 1412.004 1410.837 1409.987 1409.292 1408.763 1408.02 1407.22 1406.821 1406.146 1405.76 1404.918
1460.361 1460.294 1460.356 1461.421 1461.989 1462.928 1463.703 1464.323 1465.609 1468.536 1469.3 1469.045 1467.802 1466.657 1464.639 1461.839 1458.931 1456.011 1453.922 1452.141 1450.066 1448.339 1446.689 1444.74 1443.306 1441.757 1439.969 1438.148 1436.469 1434.846 1432.78 1431.555 1429.994 1428.811 1427.784 1426.635 1425.832 1424.924 1424.144 1423.582 1422.667 1422.244 1421.808 1421.218 1420.819 1420.212 1419.478 1419.144 1418.289 1417.404 1416.219 1414.973 1414.03 1413.038 1411.698 1411.029 1410.054 1408.99 1408.422 1407.862 1407.157 1406.478 1406.202 1405.212 1404.779
1462.97 1463.146 1463.477 1464.431 1465.071 1465.788 1466.581 1467.129 1469.476 1471.55 1472.265 1471.761 1470.535 1469.163 1466.731 1463.93 1460.782 1457.726 1455.693 1453.526 1451.395 1449.533 1447.642 1445.792 1444.099 1442.392 1440.911 1438.996 1437.294 1435.512 1433.632 1432.116 1430.471 1429.284 1428.036 1427.121 1426.036 1425.558 1424.614 1424.046 1423.361 1422.615 1422.32 1421.626 1421.099 1420.536 1419.989 1419.303 1418.385 1417.723 1416.435 1415.075 1414.021 1412.522 1411.896 1410.94 1410.023 1409.296 1408.271 1407.699 1407.029 1406.397 1405.716 1405.216 1404.641
1465.82 1466.36 1466.746 1467.279 1467.998 1469.015 1469.815 1471.406 1472.804 1474.251 1474.66 1473.67 1472.21 1470.346 1468.233 1465.877 1462.696 1459.886 1457.215 1455.186 1452.557 1450.873 1448.771 1446.765 1444.818 1443.25 1441.479 1439.776 1438.173 1436.344 1433.883 1432.733 1431.255 1429.405 1428.447 1427.444 1426.797 1425.666 1424.893 1424.55 1423.801 1422.958 1422.443 1421.81 1421.516 1420.874 1420.216 1419.568 1418.587 1417.856 1416.771 1415.507 1414.007 1413.117 1411.981 1410.939 1410.139 1409.08 1408.237 1407.579 1406.814 1406.092 1405.465 1404.848 1404.071
1469.041 1469.546 1470.23 1470.982 1471.381 1472.318 1473.996 1475.909 1476.678 1476.851 1476.695 1475.969 1474.101 1471.846 1469.438 1467.124 1464.752 1462.38 1459.616 1456.791 1454.647 1452.082 1449.995 1447.859 1445.861 1443.979 1442.287 1440.745 1439.782 1437.18 1435.045 1433.34 1431.817 1430.173 1428.937 1427.971 1426.769 1426.165 1425.212 1424.807 1423.985 1423.421 1422.823 1422.289 1421.769 1421.082 1420.542 1420.193 1419.115 1417.718 1416.722 1415.504 1414.353 1413.189 1412.142 1411.172 1410.073 1408.818 1407.892 1407.245 1406.789 1405.987 1405.439 1404.531 1403.74
1472.448 1473.397 1473.849 1474.502 1474.987 1477.772 1479.361 1480.145 1480 1479.497 1478.636 1477.947 1475.855 1473.258 1470.53 1468.404 1466.125 1464.318 1461.362 1458.948 1456.036 1453.551 1451.255 1449.232 1447.056 1445.426 1443.246 1441.464 1439.993 1437.656 1435.651 1433.926 1432.577 1431.033 1429.498 1428.165 1427.094 1426.43 1425.831 1425.055 1424.3 1423.887 1423.245 1422.558 1422.076 1421.29 1420.752 1419.838 1419.002 1418.082 1416.902 1415.58 1414.337 1413.211 1411.942 1410.619 1409.986 1408.924 1408.297 1407.013 1406.278 1405.78 1405.125 1404.403 1403.689
1476.259 1476.873 1477.852 1479.334 1481.066 1482.241 1483.107 1483 1482.726 1481.574 1480.126 1479.394 1477.371 1475.329 1472.306 1470.007 1467.856 1465.63 1463.209 1460.59 1457.54 1455.083 1453.132 1450.452 1448.332 1446.354 1444.243 1442.53 1440.514 1438.691 1436.812 1435.057 1433.161 1431.898 1429.925 1428.833 1427.476 1426.872 1426.317 1425.372 1424.618 1423.751 1423.244 1422.664 1422.109 1421.618 1420.897 1419.929 1418.875 1418.143 1416.896 1415.425 1414.299 1413.027 1411.732 1411.019 1409.751 1408.817 1407.693 1407.183 1406.085 1405.556 1404.884 1404.236 1403.667
1481.192 1483.197 1484.449 1485.314 1485.876 1486.457 1486.27 1485.861 1484.688 1483.205 1481.962 1480.04 1478.469 1476.303 1474.023 1471.59 1469.333 1467.407 1464.907 1462.141 1459.143 1456.606 1454.373 1451.828 1449.816 1447.411 1445.427 1443.553 1441.837 1439.664 1437.945 1435.92 1434.255 1432.233 1430.712 1429.318 1428.104 1426.93 1426.12 1425.569 1424.979 1424.514 1423.627 1422.881 1422.496 1421.561 1420.891 1419.802 1419.172 1417.923 1416.622 1415.365 1414.204 1412.708 1411.257 1410.229 1409.398 1408.506 1407.409 1406.747 1406.26 1405.22 1404.752 1403.881 1403.272
