auxillary_inputs/dems/sew/initial_conditions/pg24f_ic5etch.txt
ncols         436
nrows         413
xllcorner     1121548.2005005
yllcorner     886503.6505127
cellsize      24
NODATA_value  -9999
[rows 377 to 405 of 413, columns 65 to 129 of 436]
1905.333 1904.165 1902.976 1901.808 1900.482 1898.835 1896.827 1894.495 1891.89 1889.067 1886.151 1883.235 1880.386 1877.638 1875.02 1872.557 1870.271 1868.168 1866.256 1864.561 1863.088 1861.86 1860.964 1860.327 1860.047 1859.939 1859.725 1859.184 1858.706 1858.176 1857.93 1857.886 1857.968 1858.232 1858.698 1858.87 1858.68 1858.083 1857.363 1856.699 1855.979 1855.329 1854.866 1854.503 1854.183 1853.88 1853.488 1853.023 1852.544 1852.102 1851.737 1851.421 1851.042 1850.596 1850.212 1849.986 1849.819 1849.637 1849.541 1849.547 1849.645 1849.813 1849.946 1850.026 1850.066
1907.002 1905.961 1904.917 1903.916 1902.798 1901.392 1899.691 1897.675 1895.373 1892.844 1890.176 1887.419 1884.612 1881.792 1878.999 1876.273 1873.66 1871.199 1868.933 1866.898 1865.131 1863.644 1862.484 1861.623 1861.112 1860.854 1860.539 1859.909 1859.381 1858.906 1858.591 1858.507 1858.597 1858.873 1859.234 1859.482 1859.452 1858.979 1858.362 1857.742 1857.099 1856.586 1856.206 1855.929 1855.652 1855.391 1855.033 1854.598 1854.131 1853.708 1853.337 1852.949 1852.507 1852.046 1851.673 1851.495 1851.414 1851.364 1851.384 1851.504 1851.706 1851.992 1852.229 1852.393 1852.505
1908.506 1907.561 1906.631 1905.739 1904.774 1903.593 1902.184 1900.504 1898.544 1896.372 1894.026 1891.503 1888.81 1885.986 1883.082 1880.154 1877.27 1874.504 1871.927 1869.591 1867.53 1865.747 1864.281 1863.1 1862.237 1861.625 1861.03 1860.369 1859.933 1859.47 1859.12 1858.984 1858.978 1859.076 1859.438 1859.769 1859.928 1859.521 1859.009 1858.514 1858.098 1857.817 1857.575 1857.387 1857.165 1856.955 1856.652 1856.257 1855.798 1855.381 1854.961 1854.505 1853.999 1853.481 1853.059 1852.863 1852.809 1852.829 1852.953 1853.216 1853.528 1853.924 1854.304 1854.604 1854.851
1909.922 1909.042 1908.178 1907.358 1906.471 1905.455 1904.274 1902.884 1901.26 1899.476 1897.49 1895.249 1892.729 1889.971 1887.033 1883.991 1880.93 1877.958 1875.165 1872.589 1870.256 1868.175 1866.386 1864.871 1863.657 1862.686 1861.851 1861.184 1860.719 1860.202 1859.847 1859.558 1859.426 1859.438 1859.626 1859.828 1859.923 1859.748 1859.472 1859.181 1859.026 1858.942 1858.863 1858.774 1858.628 1858.484 1858.241 1857.844 1857.42 1856.994 1856.533 1856.03 1855.457 1854.842 1854.307 1854.024 1853.948 1854.01 1854.244 1854.663 1855.116 1855.657 1856.209 1856.677 1857.089
1911.302 1910.47 1909.625 1908.807 1907.946 1907.029 1906.012 1904.863 1903.557 1902.141 1900.49 1898.522 1896.208 1893.571 1890.68 1887.623 1884.504 1881.443 1878.536 1875.807 1873.262 1870.924 1868.831 1867.019 1865.496 1864.243 1863.203 1862.436 1861.855 1861.29 1860.855 1860.416 1860.166 1860.052 1860.054 1860.083 1860.104 1860.092 1860.052 1859.996 1859.979 1859.983 1859.984 1859.973 1859.932 1859.851 1859.631 1859.201 1858.841 1858.454 1857.977 1857.459 1856.825 1856.099 1855.505 1855.094 1854.968 1855.07 1855.437 1855.961 1856.59 1857.311 1858.014 1858.658 1859.22
1912.771 1911.931 1911.048 1910.164 1909.289 1908.44 1907.535 1906.573 1905.535 1904.403 1903.022 1901.28 1899.172 1896.68 1893.898 1890.922 1887.866 1884.849 1881.94 1879.132 1876.445 1873.914 1871.582 1869.512 1867.721 1866.228 1865.004 1864.111 1863.441 1862.85 1862.349 1861.833 1861.455 1861.164 1861.013 1860.937 1860.915 1860.918 1860.932 1860.944 1860.964 1860.986 1861.007 1861.025 1861.028 1860.98 1860.771 1860.321 1860.016 1859.697 1859.199 1858.705 1858.033 1857.238 1856.644 1856.146 1855.985 1856.135 1856.637 1857.283 1858.101 1858.994 1859.851 1860.641 1861.313
1914.335 1913.459 1912.524 1911.578 1910.662 1909.81 1908.96 1908.137 1907.308 1906.355 1905.155 1903.58 1901.647 1899.321 1896.707 1893.897 1891.009 1888.134 1885.301 1882.491 1879.744 1877.092 1874.592 1872.312 1870.303 1868.604 1867.232 1866.214 1865.47 1864.864 1864.299 1863.706 1863.185 1862.709 1862.379 1862.144 1862.023 1861.961 1861.952 1861.967 1861.988 1862.009 1862.027 1862.042 1862.042 1861.993 1861.782 1861.313 1861.015 1860.698 1860.186 1859.683 1858.991 1858.238 1857.706 1857.242 1857.111 1857.336 1857.964 1858.812 1859.824 1860.881 1861.87 1862.735 1863.435
1915.917 1915.032 1914.068 1913.077 1912.107 1911.196 1910.356 1909.622 1908.906 1908.06 1906.992 1905.545 1903.768 1901.636 1899.247 1896.668 1894.014 1891.327 1888.614 1885.863 1883.111 1880.404 1877.802 1875.373 1873.196 1871.324 1869.807 1868.666 1867.828 1867.176 1866.539 1865.845 1865.163 1864.521 1864.01 1863.634 1863.374 1863.18 1863.108 1863.105 1863.124 1863.144 1863.154 1863.14 1863.085 1862.993 1862.761 1862.272 1861.925 1861.517 1861.025 1860.489 1859.88 1859.227 1858.808 1858.506 1858.493 1858.843 1859.605 1860.672 1861.872 1863.067 1864.123 1864.972 1865.609
1917.48 1916.631 1915.678 1914.672 1913.671 1912.721 1911.863 1911.134 1910.441 1909.638 1908.651 1907.317 1905.693 1903.782 1901.663 1899.375 1896.984 1894.495 1891.912 1889.239 1886.521 1883.802 1881.144 1878.625 1876.325 1874.313 1872.652 1871.371 1870.406 1869.638 1868.881 1868.057 1867.219 1866.445 1865.792 1865.301 1864.889 1864.582 1864.451 1864.429 1864.451 1864.474 1864.472 1864.406 1864.232 1864.036 1863.761 1863.261 1862.864 1862.377 1861.907 1861.359 1860.852 1860.324 1860.039 1859.939 1860.106 1860.655 1861.593 1862.835 1864.177 1865.438 1866.492 1867.248 1867.753
1918.952 1918.206 1917.307 1916.319 1915.323 1914.364 1913.488 1912.721 1912 1911.201 1910.276 1909.077 1907.635 1905.976 1904.139 1902.126 1899.968 1897.664 1895.21 1892.618 1889.944 1887.243 1884.568 1881.995 1879.601 1877.48 1875.686 1874.243 1873.104 1872.147 1871.207 1870.228 1869.251 1868.394 1867.644 1867.03 1866.466 1866.049 1865.846 1865.796 1865.815 1865.843 1865.831 1865.725 1865.469 1865.131 1864.811 1864.334 1863.926 1863.47 1862.978 1862.489 1862.034 1861.64 1861.48 1861.546 1861.893 1862.644 1863.76 1865.127 1866.532 1867.768 1868.752 1869.385 1869.739
1920.274 1919.623 1918.788 1917.84 1916.894 1915.973 1915.12 1914.361 1913.614 1912.813 1911.938 1910.878 1909.633 1908.233 1906.66 1904.895 1902.945 1900.812 1898.495 1896.001 1893.383 1890.714 1888.031 1885.41 1882.946 1880.727 1878.8 1877.179 1875.835 1874.656 1873.513 1872.377 1871.281 1870.352 1869.51 1868.757 1868.063 1867.536 1867.225 1867.12 1867.119 1867.135 1867.096 1866.944 1866.664 1866.224 1865.9 1865.5 1865.063 1864.648 1864.146 1863.746 1863.384 1863.104 1863.06 1863.273 1863.759 1864.636 1865.854 1867.262 1868.639 1869.794 1870.686 1871.25 1871.495
1921.557 1920.888 1920.088 1919.182 1918.34 1917.499 1916.708 1915.98 1915.261 1914.477 1913.641 1912.697 1911.634 1910.454 1909.124 1907.596 1905.853 1903.894 1901.722 1899.346 1896.811 1894.184 1891.498 1888.84 1886.307 1883.989 1881.926 1880.122 1878.554 1877.153 1875.826 1874.55 1873.365 1872.343 1871.408 1870.533 1869.737 1869.124 1868.741 1868.569 1868.522 1868.492 1868.37 1868.087 1867.747 1867.263 1866.969 1866.652 1866.175 1865.778 1865.317 1864.995 1864.765 1864.613 1864.673 1864.968 1865.529 1866.429 1867.618 1868.949 1870.248 1871.342 1872.187 1872.748 1872.948
1922.863 1922.112 1921.282 1920.441 1919.701 1918.946 1918.24 1917.531 1916.84 1916.095 1915.341 1914.511 1913.591 1912.583 1911.45 1910.144 1908.619 1906.855 1904.858 1902.638 1900.217 1897.651 1894.981 1892.291 1889.697 1887.274 1885.069 1883.076 1881.275 1879.639 1878.137 1876.74 1875.472 1874.364 1873.361 1872.417 1871.559 1870.877 1870.441 1870.167 1870.029 1869.899 1869.641 1869.195 1868.774 1868.265 1867.987 1867.709 1867.227 1866.885 1866.54 1866.267 1866.133 1866.111 1866.261 1866.554 1867.093 1867.906 1868.955 1870.126 1871.318 1872.419 1873.3 1873.882 1874.084
1924.235 1923.459 1922.625 1921.805 1921.056 1920.322 1919.664 1918.975 1918.316 1917.613 1916.939 1916.228 1915.437 1914.58 1913.61 1912.491 1911.181 1909.639 1907.849 1905.825 1903.568 1901.114 1898.489 1895.799 1893.153 1890.624 1888.271 1886.077 1884.032 1882.141 1880.431 1878.904 1877.56 1876.402 1875.357 1874.383 1873.501 1872.781 1872.286 1871.894 1871.625 1871.335 1870.89 1870.317 1869.809 1869.274 1868.985 1868.712 1868.24 1867.97 1867.776 1867.6 1867.529 1867.555 1867.71 1867.97 1868.458 1869.125 1870.025 1871.058 1872.162 1873.193 1874.048 1874.71 1875.015
1925.71 1924.948 1924.136 1923.333 1922.535 1921.762 1921.048 1920.337 1919.696 1919.018 1918.399 1917.769 1917.108 1916.42 1915.594 1914.632 1913.511 1912.194 1910.638 1908.851 1906.804 1904.513 1901.99 1899.346 1896.68 1894.07 1891.562 1889.149 1886.84 1884.671 1882.727 1881.042 1879.607 1878.417 1877.36 1876.383 1875.496 1874.757 1874.21 1873.72 1873.306 1872.83 1872.208 1871.547 1870.927 1870.351 1870.005 1869.701 1869.233 1869.008 1868.92 1868.864 1868.843 1868.859 1868.948 1869.172 1869.659 1870.204 1870.991 1871.905 1872.965 1873.907 1874.603 -9999 1875.749
1927.211 1926.527 1925.755 1924.955 1924.125 1923.324 1922.533 1921.765 1921.051 1920.347 1919.745 1919.145 1918.621 1918.094 1917.393 1916.567 1915.609 1914.498 1913.183 1911.645 1909.828 1907.735 1905.37 1902.835 1900.223 1897.584 1894.931 1892.282 1889.693 1887.242 1885.078 1883.253 1881.725 1880.465 1879.375 1878.385 1877.485 1876.717 1876.111 1875.534 1874.975 1874.359 1873.621 1872.872 1872.163 1871.553 1871.09 1870.714 1870.237 1870.019 1869.966 1869.961 1869.961 1869.965 1870.019 1870.23 1870.727 1871.225 1871.956 1872.79 1873.76 1874.593 -9999 -9999 -9999
1928.646 1928.122 1927.417 1926.625 1925.777 1924.944 1924.116 1923.319 1922.525 1921.761 1921.088 1920.481 1920.034 1919.58 1918.963 1918.272 1917.458 1916.534 1915.439 1914.132 1912.552 1910.687 1908.551 1906.223 1903.731 1901.085 1898.304 1895.418 1892.542 1889.838 1887.491 1885.528 1883.912 1882.561 1881.405 1880.366 1879.419 1878.586 1877.886 1877.235 1876.567 1875.866 1875.055 1874.232 1873.49 1872.831 1872.253 1871.792 1871.307 1871.057 1870.98 1870.973 1870.974 1870.975 1871.025 1871.246 1871.75 1872.228 1872.921 1873.667 1874.436 -9999 -9999 -9999 -9999
1929.932 1929.557 1928.943 1928.242 1927.425 1926.583 1925.755 1924.945 1924.113 1923.317 1922.57 1921.925 1921.434 1920.92 1920.322 1919.725 1919.025 1918.272 1917.355 1916.254 1914.916 1913.311 1911.476 1909.43 1907.103 1904.469 1901.563 1898.457 1895.342 1892.455 1889.97 1887.897 1886.199 1884.743 1883.478 1882.336 1881.28 1880.33 1879.491 1878.739 1878.005 1877.273 1876.439 1875.591 1874.825 1874.126 1873.511 1872.976 1872.51 1872.19 1872.035 1871.979 1871.961 1871.963 1872.029 1872.273 1872.762 1873.208 1873.842 1874.522 -9999 -9999 -9999 -9999 -9999
1930.986 1930.693 1930.179 1929.631 1928.911 1928.154 1927.399 1926.609 1925.764 1924.938 1924.155 1923.48 1922.889 1922.263 1921.637 1921.013 1920.356 1919.712 1918.922 1918.006 1916.904 1915.589 1914.086 1912.321 1910.167 1907.562 1904.556 1901.304 1898.068 1895.11 1892.578 1890.453 1888.662 1887.088 1885.665 1884.345 1883.097 1881.964 1880.943 1880.026 1879.223 1878.471 1877.653 1876.837 1876.08 1875.423 1874.799 1874.227 1873.791 1873.445 1873.185 1873.037 1872.969 1872.96 1873.041 1873.315 -9999 -9999 1874.605 -9999 -9999 -9999 -9999 -9999 -9999
1931.848 1931.524 1931.13 1930.721 1930.148 1929.564 1928.92 1928.224 1927.401 1926.555 1925.771 1925.068 1924.408 1923.701 1923.006 1922.294 1921.614 1920.946 1920.22 1919.479 1918.589 1917.555 1916.353 1914.809 1912.785 1910.209 1907.182 1903.917 1900.707 1897.816 1895.351 1893.239 1891.38 1889.678 1888.067 1886.511 1885.014 1883.634 1882.371 1881.214 1880.222 1879.388 1878.617 1877.916 1877.249 1876.667 1876.043 1875.496 1875.049 1874.731 1874.443 1874.193 1874.042 1873.99 -9999 -9999 -9999 -9999 -9999 -9999 -9999 -9999 -9999 -9999 -9999
1932.531 1932.188 1931.898 1931.546 1931.162 1930.76 1930.182 1929.6 1928.836 1928.04 1927.336 1926.634 1925.951 1925.195 1924.43 1923.626 1922.855 1922.093 1921.383 1920.754 1919.996 1919.15 1918.184 1916.801 1914.862 1912.352 1909.414 1906.286 1903.261 1900.586 1898.293 1896.267 1894.387 1892.564 1890.755 1888.949 1887.185 1885.518 1883.973 1882.577 1881.375 1880.412 1879.653 1879.013 1878.438 1877.865 1877.257 1876.743 1876.27 1875.957 1875.719 1875.46 1875.232 1875.13 -9999 -9999 -9999 -9999 -9999 -9999 -9999 -9999 -9999 -9999 -9999
1933.17 1932.879 1932.547 1932.233 1932.012 1931.664 1931.112 1930.603 1929.922 1929.245 1928.695 1928.062 1927.422 1926.642 1925.806 1924.909 1924.019 1923.178 1922.466 1921.82 1921.111 1920.363 1919.553 1918.255 1916.396 1914.025 1911.287 1908.428 1905.742 1903.405 1901.369 1899.497 1897.647 1895.736 1893.743 1891.696 1889.653 1887.695 1885.883 1884.275 1882.901 1881.807 1880.964 1880.265 1879.696 1879.1 1878.511 1877.973 1877.502 1877.138 1876.927 1876.739 1876.53 1876.401 -9999 -9999 -9999 -9999 -9999 -9999 -9999 -9999 -9999 -9999 -9999
1933.87 1933.521 1933.184 1932.951 1932.708 1932.191 1931.692 1931.201 1930.667 1930.171 1929.758 1929.221 1928.688 1927.898 1926.982 1926.024 1925.071 1924.165 1923.384 1922.666 1922.006 1921.293 1920.531 1919.294 1917.542 1915.352 1912.881 1910.386 1908.145 1906.209 1904.479 1902.797 1901.019 1899.06 1896.919 1894.667 1892.38 1890.178 1888.144 1886.352 1884.811 1883.557 1882.551 1881.72 1881.043 1880.418 1879.807 1879.224 1878.747 1878.321 1878.086 1877.926 -9999 -9999 -9999 -9999 -9999 -9999 -9999 -9999 -9999 -9999 -9999 -9999 -9999
1934.512 1934.169 1933.88 1933.539 1933.16 1932.668 1932.205 1931.811 1931.279 1930.899 1930.501 1930.056 1929.593 1928.799 1927.863 1926.923 1925.984 1925.034 1924.138 1923.341 1922.726 1922.014 1921.198 1920.051 1918.466 1916.502 1914.339 1912.245 1910.454 1908.899 1907.46 1905.969 1904.283 1902.317 1900.088 1897.703 1895.254 1892.886 1890.665 1888.689 1886.983 1885.539 1884.341 1883.333 1882.498 1881.786 1881.124 1880.529 1880.005 1879.559 1879.263 -9999 -9999 -9999 -9999 -9999 -9999 -9999 -9999 -9999 -9999 -9999 -9999 -9999 -9999
1935.104 1934.86 1934.496 1934.088 1933.726 1933.166 1932.784 1932.324 1931.848 1931.382 1930.949 1930.521 1930.023 1929.277 1928.385 1927.542 1926.692 1925.76 1924.828 1923.985 1923.251 1922.553 1921.767 1920.709 1919.303 1917.602 1915.771 1914.058 1912.615 1911.344 1910.123 1908.8 1907.219 1905.296 1903.055 1900.627 1898.107 1895.637 1893.271 1891.136 1889.257 1887.602 1886.185 1884.969 1883.98 1883.167 1882.49 1881.876 1881.292 -9999 -9999 -9999 -9999 -9999 -9999 -9999 -9999 -9999 -9999 -9999 -9999 -9999 -9999 -9999 -9999
1935.657 1935.416 1935.019 1934.567 1934.095 1933.583 1933.105 1932.64 1932.118 1931.634 1931.127 1930.77 1930.334 1929.732 1928.858 1927.97 1927.115 1926.223 1925.319 1924.531 1923.784 1922.981 1922.155 1921.209 1920.044 1918.672 1917.208 1915.818 1914.581 1913.448 1912.34 1911.137 1909.669 1907.822 1905.645 1903.262 1900.762 1898.262 1895.827 1893.567 1891.505 1889.635 1887.989 1886.581 1885.474 1884.594 1883.886 -9999 -9999 -9999 -9999 -9999 -9999 -9999 -9999 -9999 -9999 -9999 -9999 -9999 -9999 -9999 -9999 -9999 -9999
1936.053 1935.875 1935.458 1935 1934.529 1934.016 1933.522 1933.016 1932.49 1931.942 1931.411 1930.969 1930.491 1929.9 1929.058 1928.236 1927.507 1926.721 1925.849 1925.024 1924.199 1923.338 1922.553 1921.713 1920.71 1919.595 1918.505 1917.387 1916.252 1915.146 1914.07 1912.954 1911.597 1909.868 1907.837 1905.575 1903.147 1900.667 1898.208 1895.842 1893.624 1891.564 1889.718 1888.172 1886.989 1886.052 1885.303 -9999 -9999 -9999 -9999 -9999 -9999 -9999 -9999 -9999 -9999 -9999 -9999 -9999 -9999 -9999 -9999 -9999 -9999
1936.368 1936.055 1935.725 1935.325 1934.902 1934.4 1933.91 1933.377 1932.828 1932.159 1931.607 1931.035 1930.527 1929.946 1929.196 1928.54 1927.832 1927.008 1926.197 1925.471 1924.694 1923.795 1922.905 1922.023 1921.147 1920.303 1919.553 1918.638 1917.526 1916.394 1915.364 1914.337 1913.091 1911.521 1909.658 1907.524 1905.195 1902.79 1900.366 1897.968 1895.657 1893.461 1891.48 1889.855 1888.584 1887.565 -9999 -9999 -9999 -9999 -9999 -9999 -9999 -9999 -9999 -9999 -9999 -9999 -9999 -9999 -9999 -9999 -9999 -9999 -9999
-9999 -9999 -9999 -9999 1935.076 1934.636 1934.125 1933.612 1933.015 1932.406 1931.819 1931.098 1930.559 1929.994 1929.389 1928.805 1928.008 1927.204 1926.528 1925.816 1924.962 1924.037 1923.142 1922.297 1921.558 1920.875 1920.24 1919.504 1918.473 1917.381 1916.402 1915.395 1914.216 1912.807 1911.103 1909.109 1906.928 1904.656 1902.318 1899.941 1897.587 1895.317 1893.294 1891.64 1890.296 -9999 -9999 -9999 -9999 -9999 -9999 -9999 -9999 -9999 -9999 -9999 -9999 -9999 -9999 -9999 -9999 -9999 -9999 -9999 -9999
