auxillary_inputs/dems/sew/initial_conditions/pg24f_3pt5etch.txt
ncols         436
nrows         413
xllcorner     1121548.2005005
yllcorner     886503.6505127
cellsize      24
NODATA_value  -9999
[rows 377 to 405 of 413, columns 65 to 129 of 436]
1905.399 1904.048 1902.821 1902.035 1901.251 1899.705 1897.524 1895.229 1892.572 1889.431 1886.466 1884.261 1882.031 1879.793 1877.591 1875.416 1873.318 1871.307 1869.403 1867.606 1865.943 1864.436 1863.113 1861.958 1860.98 1860.121 1859.957 1859.446 1858.853 1858.262 1857.939 1857.772 1857.97 1858.295 1858.675 1858.962 1858.899 1858.309 1857.51 1856.699 1855.963 1855.334 1854.885 1854.525 1854.268 1853.992 1853.625 1853.225 1852.817 1852.369 1851.892 1851.618 1851.006 1850.437 1850.021 1849.982 1849.98 1849.97 1849.96 1849.961 1849.97 1849.984 1850.051 1850.203 1850.332
1907.175 1905.934 1904.828 1904.024 1903.219 1902.009 1900.408 1898.87 1896.5 1893.739 1890.871 1888.101 1884.944 1882.699 1880.481 1878.263 1876.093 1873.994 1871.983 1870.066 1868.274 1866.62 1865.124 1863.792 1862.614 1861.566 1860.677 1859.986 1859.525 1858.991 1858.666 1858.45 1858.59 1858.94 1859.446 1859.981 1859.97 1859.27 1858.474 1857.725 1857.063 1856.539 1856.216 1855.941 1855.685 1855.405 1855.042 1854.599 1854.17 1853.723 1853.318 1853.021 1852.38 1851.827 1851.452 1851.397 1851.455 1851.548 1851.663 1851.795 1851.937 1852.09 1852.251 1852.432 1852.642
1908.74 1907.561 1906.531 1905.774 1904.991 1904.002 1902.787 1901.458 1899.652 1897.439 1895.238 1892.665 1889.639 1886.5 1883.657 1881.164 1878.949 1876.778 1874.673 1872.659 1870.751 1868.976 1867.319 1865.816 1864.455 1863.233 1862.181 1861.249 1860.432 1859.715 1859.301 1859.01 1859.02 1859.272 1859.654 1860 1860 1859.6 1859.066 1858.537 1858.051 1857.737 1857.535 1857.375 1857.229 1857.053 1856.769 1856.324 1855.857 1855.414 1854.988 1854.51 1853.875 1853.265 1852.885 1852.705 1852.753 1852.884 1853.086 1853.348 1853.654 1853.989 1854.35 1854.708 1855.024
1909.991 1908.934 1908.158 1907.385 1906.573 1905.682 1904.628 1903.393 1901.87 1900.213 1898.864 1896.594 1893.805 1890.856 1888.176 1884.885 1881.812 1879.6 1877.439 1875.338 1873.345 1871.479 1869.695 1868.042 1866.52 1865.148 1863.946 1862.877 1861.936 1861.103 1860.364 1859.756 1859.398 1859.513 1859.705 1859.868 1859.881 1859.725 1859.491 1859.246 1859.032 1858.895 1858.804 1858.744 1858.699 1858.633 1858.443 1857.96 1857.52 1857.112 1856.629 1856.044 1855.38 1854.742 1854.256 1853.944 1853.933 1854.063 1854.333 1854.724 1855.198 1855.719 1856.291 1856.863 1857.429
1911.204 1910.212 1909.79 1908.852 1907.95 1907.129 1906.152 1904.978 1903.579 1902.2 1901.274 1899.64 1897.228 1894.507 1891.752 1888.735 1885.134 1882.435 1880.245 1878.097 1876.038 1874.087 1872.208 1870.448 1868.802 1867.306 1865.971 1864.774 1863.719 1862.763 1861.902 1861.18 1860.633 1860.266 1860.036 1860.004 1860.004 1860.003 1860.002 1860 1859.999 1859.999 1859.999 1860 1860.004 1860.002 1859.902 1859.275 1858.927 1858.635 1858.089 1857.5 1856.805 1856.103 1855.521 1855.257 1855.273 1855.504 1855.887 1856.364 1856.901 1857.454 1858.081 1858.784 1859.695
1912.778 1911.85 1911.01 1910.017 1909.099 1908.466 1907.568 1906.51 1905.219 1904.289 1903.386 1901.986 1899.932 1897.397 1894.575 1891.702 1888.528 1885.269 1883.072 1880.914 1878.828 1876.813 1874.851 1873.002 1871.254 1869.648 1868.201 1866.898 1865.738 1864.673 1863.698 1862.852 1862.191 1861.724 1861.419 1861.21 1861.106 1861.066 1861.044 1861.018 1861.006 1861.078 1861.125 1861.14 1861.109 1860.99 1860.68 1860.073 1860 1859.924 1859.293 1858.814 1858.09 1857.318 1856.748 1856.613 1856.683 1856.981 1857.439 1857.998 1858.611 1859.234 1859.845 1860.424 1861.378
1914.318 1913.423 1912.465 1911.457 1910.403 1909.841 1908.964 1908.186 1907.178 1906.327 1905.374 1904.051 1902.189 1899.859 1897.125 1894.202 1891.035 1888.189 1885.912 1883.758 1881.658 1879.606 1877.58 1875.651 1873.827 1872.129 1870.588 1869.191 1867.929 1866.767 1865.688 1864.729 1863.945 1863.374 1862.97 1862.691 1862.527 1862.435 1862.356 1862.261 1862.202 1862.183 1862.236 1862.231 1862.146 1861.947 1861.599 1861.146 1860.915 1860.631 1860.065 1859.925 1859.177 1858.359 1858.07 1858.018 1858.153 1858.507 1859.031 1859.669 1860.36 1861.027 1861.701 1862.51 1863.384
1915.943 1915.021 1914.037 1913.086 1912.112 1911.073 1910.171 1909.798 1908.871 1908.168 1907.207 1905.954 1904.167 1901.922 1899.416 1896.76 1893.877 1891.161 1889.076 1886.618 1884.503 1882.406 1880.349 1878.375 1876.493 1874.718 1873.097 1871.601 1870.245 1868.993 1867.812 1866.746 1865.845 1865.155 1864.656 1864.302 1864.049 1863.88 1863.736 1863.593 1863.492 1863.397 1863.37 1863.333 1863.2 1862.958 1862.61 1862.209 1861.864 1861.482 1861.007 1860.648 1859.985 1859.599 1859.473 1859.496 1859.699 1860.106 1860.693 1861.404 1862.155 1862.882 1864.099 1864.972 1865.615
1917.597 1916.747 1915.735 1914.687 1913.765 1912.779 1911.719 1911.044 1910.192 1909.812 1908.853 1907.792 1906.054 1903.793 1901.28 1899.353 1896.914 1894.481 1892.304 1889.753 1887.378 1885.275 1883.202 1881.198 1879.257 1877.414 1875.706 1874.111 1872.663 1871.323 1870.045 1868.861 1867.844 1867.041 1866.451 1865.995 1865.648 1865.387 1865.162 1864.982 1864.832 1864.686 1864.554 1864.477 1864.299 1864.026 1863.672 1863.274 1862.869 1862.431 1861.942 1861.498 1861.186 1860.989 1860.94 1861.037 1861.318 1861.777 1862.422 1863.186 1864.152 1865.618 1866.878 1867.562 1867.906
1919.073 1918.402 1917.46 1916.4 1915.38 1914.438 1913.45 1912.561 1911.796 1911.165 1910.259 1909.654 1908.056 1906.039 1903.964 1902.075 1899.963 1897.736 1895.63 1893.075 1890.284 1888.199 1886.129 1884.087 1882.095 1880.187 1878.398 1876.716 1875.153 1873.702 1872.317 1871.033 1869.914 1869.015 1868.332 1867.767 1867.326 1866.966 1866.661 1866.409 1866.173 1865.963 1865.8 1865.67 1865.443 1865.135 1864.768 1864.363 1863.933 1863.47 1863.042 1862.773 1862.54 1862.42 1862.432 1862.592 1862.944 1863.476 1864.174 1865.145 1866.963 1868.286 1869.548 1869.954 1870.024
1920.214 1919.857 1918.988 1918.103 1916.962 1916.068 1915.15 1914.23 1913.499 1912.794 1912.001 1911.235 1909.934 1908.284 1906.71 1904.933 1903.031 1900.917 1899.056 1896.494 1893.649 1891.135 1889.083 1887.015 1884.976 1883.004 1881.144 1879.375 1877.715 1876.157 1874.672 1873.282 1872.054 1871.06 1870.28 1869.606 1869.058 1868.606 1868.229 1867.885 1867.555 1867.249 1867.114 1866.903 1866.612 1866.261 1865.881 1865.478 1865.046 1864.59 1864.261 1864.053 1863.895 1863.84 1863.913 1864.124 1864.526 1865.105 1866.013 1867.827 1869.48 1870.232 1871.188 1871.642 1871.761
1921.661 1920.914 1920.133 1919.61 1918.517 1917.672 1916.804 1915.932 1915.227 1914.505 1913.731 1912.875 1911.728 1910.392 1909.429 1907.863 1906.259 1904.282 1902.238 1899.802 1897.058 1894.383 1892.012 1889.943 1887.872 1885.844 1883.906 1882.06 1880.313 1878.668 1877.101 1875.616 1874.286 1873.174 1872.269 1871.494 1870.843 1870.292 1869.822 1869.392 1868.982 1868.587 1868.494 1868.132 1867.77 1867.369 1866.987 1866.605 1866.187 1865.757 1865.533 1865.366 1865.231 1865.219 1865.353 1865.604 1866.033 1866.622 1867.952 1869.648 1870.875 1871.68 1872.443 1872.922 1873.138
1923.1 1922.37 1921.611 1920.854 1920.077 1919.273 1918.437 1917.584 1916.908 1916.185 1915.432 1914.601 1913.639 1912.605 1911.65 1910.387 1909.265 1907.364 1905.263 1902.956 1900.344 1897.741 1895.109 1892.831 1890.747 1888.677 1886.68 1884.765 1882.933 1881.21 1879.568 1877.995 1876.58 1875.362 1874.344 1873.461 1872.681 1872.005 1871.436 1870.926 1870.444 1870.047 1869.899 1869.259 1868.876 1868.409 1868.053 1867.729 1867.321 1866.934 1866.792 1866.675 1866.577 1866.594 1866.749 1867.009 1867.434 1868.02 1869.024 1870.165 1871.516 1872.547 1873.356 1873.91 1874.231
1924.509 1923.808 1923.084 1922.36 1921.609 1920.845 1920.057 1919.219 1918.467 1917.748 1917.054 1916.292 1915.5 1914.678 1913.802 1912.75 1911.594 1909.949 1908.052 1906.142 1903.838 1901.37 1898.953 1895.769 1893.606 1891.494 1889.454 1887.486 1885.58 1883.756 1882.013 1880.375 1878.903 1877.606 1876.49 1875.494 1874.593 1873.789 1873.1 1872.494 1871.933 1871.641 1871.009 1870.223 1869.923 1869.326 1869.053 1868.843 1868.404 1868.124 1868.007 1867.929 1867.889 1867.931 1868.076 1868.316 1868.709 1869.184 1869.99 1871.006 1872.193 1873.243 1874.09 1874.711 1875.122
1925.876 1925.21 1924.538 1923.856 1923.136 1922.41 1921.654 1920.859 1920.04 1919.182 1918.538 1917.834 1917.207 1916.58 1915.798 1914.856 1913.719 1912.256 1910.607 1909.304 1907.415 1905.427 1902.952 1899.5 1896.423 1894.287 1892.21 1890.196 1888.219 1886.31 1884.485 1882.778 1881.251 1879.877 1878.667 1877.57 1876.563 1875.644 1874.822 1874.096 1873.431 1873.029 1872.321 1871.544 1870.898 1870.362 1870.008 1869.934 1869.525 1869.377 1869.248 1869.182 1869.172 1869.232 1869.381 1869.575 1869.901 1870.257 1870.856 1871.836 1872.909 1873.909 1874.754 -9999 1875.881
1927.21 1926.623 1925.96 1925.327 1924.647 1923.966 1923.254 1922.491 1921.708 1920.906 1920.084 1919.183 1918.705 1918.31 1917.591 1916.766 1915.744 1914.534 1913.217 1911.986 1910.483 1909.093 1906.765 1902.785 1899.615 1897.093 1894.94 1892.864 1890.822 1888.849 1886.972 1885.22 1883.625 1882.162 1880.866 1879.672 1878.574 1877.548 1876.601 1875.736 1875.127 1874.483 1873.688 1872.879 1872.143 1871.598 1871.209 1870.951 1870.769 1870.654 1870.544 1870.49 1870.489 1870.541 1870.655 1870.779 1870.982 1871.298 1871.804 1872.7 1873.666 1874.591 -9999 -9999 -9999
1928.668 1928.318 1927.611 1926.8 1926.114 1925.481 1924.819 1924.096 1923.359 1922.593 1921.8 1920.949 1920.078 1919.859 1919.09 1918.449 1917.565 1916.607 1915.522 1914.38 1913.027 1911.49 1909.294 1906.202 1903.217 1900.939 1898.724 1895.777 1893.39 1891.373 1889.464 1887.679 1886.02 1884.486 1883.084 1881.793 1880.608 1879.473 1878.405 1877.406 1876.704 1875.971 1875.161 1874.28 1873.457 1872.892 1872.474 1872.176 1871.99 1871.89 1871.818 1871.776 1871.768 1871.79 1871.841 1871.915 1872.069 1872.361 1872.8 1873.594 1874.458 -9999 -9999 -9999 -9999
1929.987 1929.877 1929.125 1928.459 1927.499 1926.922 1926.319 1925.647 1924.955 1924.229 1923.455 1922.645 1921.811 1920.91 1920.145 1919.866 1919.059 1918.386 1917.468 1916.449 1915.122 1913.443 1911.33 1909.658 1907.753 1905.262 1902.362 1898.851 1895.959 1893.907 1891.98 1890.163 1888.449 1886.848 1885.35 1883.95 1882.646 1881.396 1880.206 1879.078 1878.208 1877.408 1876.521 1875.635 1874.812 1874.207 1873.778 1873.456 1873.235 1873.12 1873.046 1872.986 1872.957 1872.954 1872.974 1873.034 1873.189 1873.486 1873.832 1874.505 -9999 -9999 -9999 -9999 -9999
1930.927 1930.675 1930.082 1929.862 1928.951 1928.249 1927.719 1927.113 1926.466 1925.773 1925.035 1924.271 1923.463 1922.6 1921.666 1920.91 1920.133 1919.859 1919.035 1918.276 1917.095 1915.644 1914.088 1912.746 1911.152 1908.9 1905.562 1901.411 1898.522 1896.465 1894.511 1892.668 1890.91 1889.249 1887.661 1886.149 1884.723 1883.351 1882.02 1880.775 1879.756 1878.663 1877.75 1876.894 1876.16 1875.566 1875.113 1874.788 1874.559 1874.426 1874.327 1874.219 1874.16 1874.141 1874.153 1874.213 -9999 -9999 1874.88 -9999 -9999 -9999 -9999 -9999 -9999
1931.769 1931.475 1931.052 1930.709 1930.08 1929.803 1929.025 1928.455 1927.853 1927.191 1926.505 1925.784 1925.026 1924.213 1923.309 1922.338 1921.412 1920.862 1920.129 1919.833 1918.801 1917.622 1916.497 1915.296 1913.713 1911.472 1908.337 1904.076 1901.055 1899.015 1897.065 1895.203 1893.404 1891.694 1890.019 1888.404 1886.857 1885.362 1883.904 1882.545 1881.288 1880.17 1879.199 1878.357 1877.609 1876.995 1876.515 1876.162 1875.932 1875.778 1875.656 1875.531 1875.461 1875.435 -9999 -9999 -9999 -9999 -9999 -9999 -9999 -9999 -9999 -9999 -9999
1932.557 1932.254 1931.896 1931.531 1931.075 1930.697 1930.083 1929.87 1929.072 1928.481 1927.839 1927.148 1926.455 1925.683 1924.802 1923.853 1922.875 1921.975 1921.353 1920.847 1920.001 1919.097 1918.397 1917.299 1915.622 1913.264 1910.146 1906.315 1903.531 1901.544 1899.621 1897.762 1895.946 1894.179 1892.429 1890.72 1889.059 1887.446 1885.875 1884.415 1883.055 1881.854 1880.83 1879.93 1879.148 1878.505 1877.996 1877.609 1877.345 1877.137 1876.986 1876.857 1876.779 1876.739 -9999 -9999 -9999 -9999 -9999 -9999 -9999 -9999 -9999 -9999 -9999
1933.286 1932.979 1932.642 1932.284 1931.889 1931.494 1931.032 1930.675 1930.087 1929.588 1928.991 1928.339 1927.719 1926.97 1926.108 1925.182 1924.251 1923.339 1922.375 1921.728 1920.928 1920.121 1919.878 1918.842 1917.072 1914.67 1911.772 1908.65 1905.929 1903.997 1902.115 1900.285 1898.474 1896.687 1894.884 1893.088 1891.334 1889.612 1887.945 1886.393 1884.95 1883.677 1882.572 1881.602 1880.783 1880.101 1879.557 1879.125 1878.81 1878.546 1878.346 1878.169 1878.049 1877.959 -9999 -9999 -9999 -9999 -9999 -9999 -9999 -9999 -9999 -9999 -9999
1933.956 1933.639 1933.303 1932.947 1932.567 1932.166 1931.788 1931.338 1930.92 1930.457 1929.945 1929.399 1928.909 1928.065 1927.232 1926.323 1925.423 1924.568 1923.654 1922.634 1921.877 1921.205 1920.746 1919.847 1918.095 1915.699 1912.863 1910.07 1908.185 1906.344 1904.532 1902.917 1901.114 1899.325 1897.342 1895.491 1893.649 1891.837 1890.09 1888.444 1886.924 1885.582 1884.406 1883.376 1882.505 1881.777 1881.194 1880.702 1880.319 1879.994 1879.74 1879.521 -9999 -9999 -9999 -9999 -9999 -9999 -9999 -9999 -9999 -9999 -9999 -9999 -9999
1934.567 1934.238 1933.893 1933.527 1933.141 1932.844 1932.486 1932.064 1931.614 1931.159 1930.691 1930.129 1929.933 1929.036 1928.086 1927.186 1926.3 1925.472 1924.606 1923.638 1922.67 1921.953 1921.21 1920.124 1918.809 1916.631 1913.911 1912.074 1910.315 1909.173 1907.792 1906.62 1905.104 1902.98 1900.516 1898.286 1895.962 1894.079 1892.253 1890.514 1888.921 1887.511 1886.264 1885.172 1884.264 1883.497 1882.858 1882.31 1881.851 1881.459 1881.145 -9999 -9999 -9999 -9999 -9999 -9999 -9999 -9999 -9999 -9999 -9999 -9999 -9999 -9999
1935.127 1934.782 1934.42 1934.038 1933.668 1933.411 1933.064 1932.681 1932.172 1931.723 1931.178 1930.642 1930.1 1929.48 1928.7 1927.837 1926.985 1926.145 1925.264 1924.334 1923.361 1922.553 1921.746 1920.81 1919.758 1917.844 1915.626 1913.96 1912.304 1911.315 1910.312 1909.713 1908.558 1906.12 1903.401 1900.705 1898.233 1896.304 1894.397 1892.566 1890.908 1889.431 1888.107 1886.959 1886.01 1885.211 1884.514 1883.905 1883.383 -9999 -9999 -9999 -9999 -9999 -9999 -9999 -9999 -9999 -9999 -9999 -9999 -9999 -9999 -9999 -9999
1935.643 1935.279 1934.896 1934.495 1934.136 1933.896 1933.525 1933.075 1932.585 1932.081 1931.553 1930.99 1930.439 1929.972 1929.028 1928.216 1927.467 1926.685 1925.832 1924.964 1924.076 1923.158 1922.221 1921.192 1920.089 1918.89 1917.302 1915.667 1914.265 1913.196 1912.356 1911.563 1910.237 1908.236 1905.763 1903.102 1900.595 1898.56 1896.492 1894.604 1892.877 1891.333 1889.943 1888.748 1887.748 1886.903 1886.159 -9999 -9999 -9999 -9999 -9999 -9999 -9999 -9999 -9999 -9999 -9999 -9999 -9999 -9999 -9999 -9999 -9999 -9999
1936.123 1935.738 1935.334 1934.913 1934.606 1934.285 1933.889 1933.409 1932.911 1932.386 1931.835 1931.202 1930.631 1930.004 1929.236 1928.465 1927.779 1926.999 1926.212 1925.461 1924.681 1923.836 1922.972 1922.036 1920.982 1919.894 1918.84 1917.466 1916.035 1914.76 1913.944 1913.06 1911.786 1910.029 1907.842 1905.297 1902.839 1900.454 1898.487 1896.575 1894.794 1893.194 1891.763 1890.536 1889.49 1888.584 1887.783 -9999 -9999 -9999 -9999 -9999 -9999 -9999 -9999 -9999 -9999 -9999 -9999 -9999 -9999 -9999 -9999 -9999 -9999
1936.575 1936.168 1935.74 1935.337 1935.003 1934.599 1934.117 1933.64 1933.111 1932.591 1931.997 1931.389 1930.786 1930.024 1929.316 1928.62 1927.938 1927.204 1926.533 1925.847 1925.101 1924.319 1923.548 1922.704 1921.736 1920.674 1919.912 1918.914 1917.503 1916.32 1915.376 1914.405 1913.19 1911.644 1909.738 1907.267 1904.949 1902.543 1900.36 1898.442 1896.628 1894.987 1893.527 1892.291 1891.218 1890.264 -9999 -9999 -9999 -9999 -9999 -9999 -9999 -9999 -9999 -9999 -9999 -9999 -9999 -9999 -9999 -9999 -9999 -9999 -9999
-9999 -9999 -9999 -9999 1935.385 1934.923 1934.408 1933.902 1933.355 1932.792 1932.109 1931.494 1930.852 1930.079 1929.386 1928.779 1928.07 1927.419 1926.813 1926.148 1925.487 1924.781 1924.021 1923.193 1922.274 1921.303 1920.507 1919.874 1918.475 1917.473 1916.542 1915.543 1914.361 1912.941 1911.274 1909.334 1906.984 1904.604 1902.249 1900.19 1898.389 1896.73 1895.266 1894.01 1892.912 -9999 -9999 -9999 -9999 -9999 -9999 -9999 -9999 -9999 -9999 -9999 -9999 -9999 -9999 -9999 -9999 -9999 -9999 -9999 -9999
