auxillary_inputs/dems/sew/initial_conditions/pg24f_0etch.txt
ncols         436
nrows         413
xllcorner     1121548.2005005
yllcorner     886503.6505127
cellsize      24
NODATA_value  -9999
[rows 203 to 231 of 413, columns 260 to 324 of 436]
1540.516 1538.659 1536.813 1534.983 1533.165 1531.789 1530.178 1528.217 1526.06 1523.776 1521.564 1519.671 1517.566 1515.69 1513.917 1512.211 1510.52 1508.85 1507.343 1505.816 1504.116 1502.288 1500.51 1499.785 1498.405 1496.596 1494.545 1492.289 1490.011 1487.607 1484.923 1482.36 1480.097 1478.038 1475.86 1473.477 1470.902 1467.39 1462.446 1458.055 1454.548 1451.424 1448.349 1445.343 1443.452 1441.61 1439.549 1436.504 1433.119 1429.437 1425.854 1423.013 1420.18 1417.392 1414.673 1412.038 1409.497 1407.07 1404.792 1402.708 1400.852 1399.873 1398.799 1397.729 1396.704
1541.705 1539.843 1538.005 1536.168 1534.303 1532.721 1531.172 1529.531 1527.203 1524.822 1522.528 1520.524 1518.555 1516.655 1514.848 1513.126 1511.432 1509.83 1508.515 1507.216 1505.617 1503.822 1502.137 1501.023 1499.746 1497.971 1495.955 1493.772 1491.571 1489.372 1486.726 1484.167 1481.814 1479.687 1477.57 1475.296 1472.663 1469.245 1464.633 1459.851 1455.976 1452.813 1449.677 1446.588 1444.253 1442.245 1439.958 1436.861 1433.439 1429.657 1426.472 1423.594 1420.737 1417.942 1415.233 1412.619 1410.112 1407.715 1405.457 1403.386 1401.792 1400.106 1399.037 1398.027 1397.012
1542.942 1541.067 1539.205 1537.329 1535.428 1533.5 1531.78 1529.968 1527.926 1525.728 1523.56 1521.551 1519.647 1517.662 1515.837 1514.096 1512.384 1510.671 1509.269 1508.544 1507.124 1505.349 1503.563 1501.967 1500.295 1498.874 1496.987 1494.797 1492.462 1490.092 1487.881 1485.522 1483.089 1480.664 1478.806 1476.584 1473.86 1470.465 1466.382 1461.504 1457.334 1454.145 1450.97 1447.822 1444.723 1442.482 1440.005 1436.87 1433.386 1430.024 1427.107 1424.192 1421.314 1418.509 1415.801 1413.201 1410.718 1408.357 1406.126 1404.054 1402.176 1400.504 1399.308 1398.324 1397.297
1544.228 1542.311 1540.399 1538.481 1536.552 1534.612 1532.656 1530.679 1528.68 1526.662 1524.636 1522.622 1520.644 1518.729 1516.896 1515.131 1513.381 1511.626 1510.007 1509.806 1508.421 1506.607 1504.723 1502.95 1501.281 1499.804 1497.793 1495.527 1493.091 1490.608 1488.832 1486.668 1484.346 1482.05 1479.892 1477.392 1474.528 1471.292 1467.754 1463.069 1458.642 1455.408 1452.209 1449.025 1445.863 1442.749 1439.916 1436.687 1433.704 1430.726 1427.749 1424.797 1421.901 1419.093 1416.39 1413.802 1411.342 1409.006 1406.79 1404.709 1402.799 1401.091 1399.907 1398.692 1397.569
1545.511 1543.559 1541.611 1539.665 1537.726 1535.79 1533.844 1531.87 1529.865 1527.831 1525.79 1523.767 1521.785 1519.867 1518.026 1516.226 1514.416 1512.599 1510.958 1510.108 1509.127 1507.362 1505.402 1503.524 1501.757 1500.069 1498.147 1495.978 1493.729 1491.57 1489.708 1487.107 1484.519 1482.194 1479.97 1477.238 1474.177 1470.775 1467.137 1462.97 1459.791 1456.592 1453.383 1450.177 1446.977 1443.807 1440.683 1437.595 1434.528 1431.473 1428.438 1425.448 1422.534 1419.719 1417.015 1414.433 1411.981 1409.655 1407.439 1405.343 1403.406 1401.663 1400.13 1398.82 1397.738
1546.827 1544.858 1542.892 1540.936 1538.996 1537.072 1535.14 1533.169 1531.155 1529.102 1527.04 1525.004 1523.009 1521.072 1519.198 1517.618 1515.707 1513.705 1512.125 1510.905 1509.812 1507.683 1505.484 1503.494 1501.694 1500.064 1498.104 1495.907 1493.709 1491.534 1489.298 1486.779 1484.285 1481.663 1478.927 1476.103 1473.201 1470.223 1467.171 1464.051 1460.887 1457.7 1454.491 1451.271 1448.048 1444.842 1441.668 1438.516 1435.385 1432.279 1429.203 1426.18 1423.239 1420.407 1417.697 1415.12 1412.678 1410.356 1408.132 1406.01 1404.026 1402.229 1400.645 1399.272 1398.076
1548.221 1546.25 1544.285 1542.326 1540.378 1538.441 1536.494 1534.514 1532.492 1530.437 1528.372 1526.323 1524.308 1522.336 1520.406 1519.416 1517.394 1515.051 1512.856 1511.021 1509.491 1507.375 1505.588 1503.795 1502.003 1500.185 1498.311 1496.366 1494.341 1492.228 1490.009 1487.661 1485.184 1482.582 1479.865 1477.055 1474.166 1471.199 1468.158 1465.052 1461.904 1458.728 1455.524 1452.301 1449.069 1445.844 1442.64 1439.45 1436.282 1433.14 1430.029 1426.976 1424.012 1421.161 1418.441 1415.86 1413.412 1411.078 1408.835 1406.683 1404.653 1402.799 1401.162 1399.74 1398.471
1549.94 1547.709 1545.757 1543.798 1541.843 1539.888 1537.922 1535.921 1533.88 1531.809 1529.725 1527.653 1525.605 1523.594 1521.619 1520.178 1518.451 1515.86 1513.827 1511.944 1510.119 1508.313 1506.483 1504.63 1502.77 1500.902 1499.018 1497.092 1495.093 1493.008 1490.81 1488.483 1486.024 1483.439 1480.742 1477.95 1475.075 1472.116 1469.081 1465.989 1462.857 1459.688 1456.489 1453.272 1450.041 1446.81 1443.589 1440.382 1437.197 1434.03 1430.89 1427.812 1424.834 1421.974 1419.238 1416.632 1414.153 1411.787 1409.512 1407.326 1405.257 1403.361 1401.671 1400.187 1398.889
1551.963 1549.78 1547.399 1545.387 1543.425 1541.453 1539.461 1537.429 1535.353 1533.247 1531.126 1529.013 1526.922 1524.869 1522.864 1521.173 1519.463 1516.973 1515.016 1513.086 1511.198 1509.337 1507.464 1505.56 1503.641 1501.716 1499.785 1497.834 1495.838 1493.773 1491.604 1489.304 1486.86 1484.281 1481.59 1478.811 1475.948 1472.996 1469.971 1466.893 1463.771 1460.607 1457.415 1454.201 1450.975 1447.747 1444.523 1441.313 1438.119 1434.937 1431.785 1428.698 1425.708 1422.835 1420.081 1417.448 1414.937 1412.53 1410.215 1407.992 1405.885 1403.939 1402.194 1400.648 1399.288
1553.704 1551.537 1549.29 1547.079 1545.116 1543.118 1541.083 1539.008 1536.891 1534.757 1532.602 1530.443 1528.301 1526.205 1524.178 1522.211 1520.261 1518.298 1516.324 1514.358 1512.413 1510.484 1508.55 1506.599 1504.633 1502.659 1500.683 1498.7 1496.692 1494.63 1492.471 1490.176 1487.74 1485.169 1482.477 1479.692 1476.826 1473.88 1470.863 1467.788 1464.664 1461.505 1458.321 1455.114 1451.893 1448.666 1445.444 1442.238 1439.045 1435.864 1432.716 1429.633 1426.637 1423.75 1420.973 1418.307 1415.752 1413.293 1410.929 1408.728 1406.581 1404.539 1402.743 1401.143 1399.736
1555.134 1552.946 1550.782 1548.83 1546.854 1544.822 1542.75 1540.655 1538.777 1536.337 1534.132 1531.923 1529.744 1527.621 1525.574 1523.594 1521.637 1519.672 1517.689 1515.698 1513.715 1511.735 1509.757 1507.769 1505.768 1503.752 1501.733 1499.716 1497.687 1495.614 1493.45 1491.15 1488.71 1486.137 1483.438 1480.642 1477.764 1474.81 1471.784 1468.696 1465.566 1462.407 1459.224 1456.023 1452.81 1449.586 1446.366 1443.16 1439.968 1436.799 1433.671 1430.598 1427.599 1424.693 1421.885 1419.18 1416.579 1414.079 1411.684 1409.667 1407.306 1405.169 1403.307 1401.641 1400.171
1556.507 1554.733 1552.713 1550.764 1549.293 1547.347 1545.506 1543.182 1540.605 1537.961 1535.711 1533.462 1531.251 1529.101 1527.037 1525.052 1523.098 1521.142 1519.163 1517.163 1515.165 1513.156 1511.15 1509.133 1507.098 1505.034 1502.965 1500.905 1498.845 1496.747 1494.561 1492.243 1489.788 1487.2 1484.485 1481.672 1478.776 1475.801 1472.75 1469.645 1466.505 1463.338 1460.151 1456.953 1453.737 1450.512 1447.291 1444.083 1440.898 1437.748 1434.639 1431.577 1428.571 1425.637 1422.791 1420.045 1417.404 1414.87 1412.441 1410.117 1407.895 1405.797 1403.864 1402.13 1400.598
1558.375 1557.01 1555.379 1553.74 1552.138 1550.297 1548.565 1545.863 1542.94 1539.848 1537.352 1535.081 1532.865 1530.708 1528.635 1526.649 1524.713 1522.786 1520.833 1518.852 1516.856 1514.844 1512.827 1510.776 1508.686 1506.555 1504.422 1502.306 1500.202 1498.06 1495.831 1493.476 1490.988 1488.369 1485.627 1482.789 1479.867 1476.865 1473.788 1470.661 1467.503 1464.321 1461.125 1457.918 1454.695 1451.464 1448.235 1445.023 1441.845 1438.706 1435.608 1432.552 1429.54 1426.581 1423.695 1420.905 1418.219 1415.634 1413.156 1410.787 1408.52 1406.37 1404.382 1402.589 1401.017
1560.477 1559.534 1558.078 1556.642 1554.781 1552.656 1550.407 1547.881 1545.012 1541.985 1539.061 1536.795 1534.575 1532.413 1530.344 1528.379 1526.486 1524.61 1522.699 1520.747 1518.772 1516.773 1514.744 1512.654 1510.512 1508.32 1506.128 1503.948 1501.784 1499.575 1497.281 1494.871 1492.331 1489.662 1486.881 1484.009 1481.054 1478.017 1474.911 1471.758 1468.572 1465.366 1462.152 1458.926 1455.688 1452.448 1449.211 1445.993 1442.811 1439.666 1436.565 1433.511 1430.495 1427.52 1424.601 1421.764 1419.021 1416.38 1413.851 1411.432 1409.115 1406.913 1404.862 1403.008 1401.394
1563.051 1561.787 1560.323 1559.124 1556.967 1554.576 1552.095 1549.541 1546.683 1543.643 1540.852 1538.595 1536.384 1534.245 1532.217 1530.3 1528.464 1526.638 1524.765 1522.842 1520.891 1518.905 1516.86 1514.782 1512.59 1510.317 1508.053 1505.796 1503.553 1501.258 1498.891 1496.418 1493.819 1491.097 1488.271 1485.356 1482.362 1479.291 1476.151 1472.962 1469.74 1466.499 1463.251 1459.995 1456.735 1453.476 1450.224 1446.996 1443.795 1440.63 1437.513 1434.454 1431.435 1428.447 1425.501 1422.618 1419.817 1417.113 1414.52 1412.039 1409.666 1407.417 1405.327 1403.444 1401.801
1565.518 1563.928 1562.182 1560.366 1558.368 1555.954 1553.317 1550.567 1548.016 1545.13 1542.717 1540.491 1538.326 1536.255 1534.291 1532.425 1530.618 1528.812 1526.966 1525.075 1523.149 1521.167 1519.69 1518.058 1514.895 1512.467 1510.132 1507.794 1505.464 1503.309 1501.439 1499.18 1496.258 1492.916 1489.812 1486.848 1483.806 1480.691 1477.512 1474.284 1471.02 1467.733 1464.438 1461.143 1457.854 1454.569 1451.296 1448.045 1444.818 1441.632 1438.5 1435.422 1432.384 1429.377 1426.408 1423.486 1420.629 1417.866 1415.211 1412.665 1410.234 1407.944 1405.829 1403.925 1402.261
1567.591 1565.868 1563.917 1561.816 1559.649 1557.149 1554.506 1551.867 1549.406 1546.896 1544.669 1542.512 1540.433 1538.445 1536.534 1534.704 1532.913 1531.123 1529.298 1527.428 1525.511 1523.649 1522.321 1520.156 1517.06 1514.713 1512.313 1509.892 1507.469 1505.406 1503.254 1500.634 1497.844 1494.499 1491.474 1488.463 1485.379 1482.224 1479.006 1475.736 1472.425 1469.087 1465.738 1462.395 1459.064 1455.747 1452.447 1449.167 1445.916 1442.714 1439.566 1436.467 1433.405 1430.37 1427.364 1424.396 1421.486 1418.661 1415.941 1413.34 1410.867 1408.537 1406.383 1404.439 1402.725
1568.966 1567.544 1565.479 1563.078 1560.523 1558.178 1555.643 1553.386 1551.119 1548.883 1546.732 1544.667 1542.674 1540.751 1538.892 1537.093 1535.32 1533.541 1531.73 1529.867 1527.957 1526.585 1524.805 1522.417 1519.392 1517.002 1514.547 1512.055 1509.542 1507.454 1504.969 1502.237 1499.431 1496.213 1493.248 1490.201 1487.078 1483.885 1480.626 1477.309 1473.947 1470.554 1467.155 1463.764 1460.391 1457.037 1453.704 1450.394 1447.121 1443.899 1440.729 1437.604 1434.514 1431.45 1428.406 1425.391 1422.423 1419.533 1416.746 1414.082 1411.555 1409.178 1406.978 1404.982 1403.215
1570.469 1569.282 1567.032 1564.514 1561.973 1559.781 1557.557 1555.339 1553.129 1550.967 1548.902 1546.916 1545 1543.137 1541.326 1539.559 1537.805 1536.027 1534.21 1532.624 1530.926 1529.529 1527.407 1524.819 1521.907 1519.294 1516.792 1514.241 1512.041 1509.468 1506.607 1503.779 1501.01 1498.119 1495.127 1492.052 1488.896 1485.666 1482.366 1478.997 1475.579 1472.134 1468.684 1465.243 1461.827 1458.438 1455.074 1451.74 1448.443 1445.196 1441.994 1438.836 1435.711 1432.612 1429.532 1426.474 1423.454 1420.499 1417.646 1414.92 1412.333 1409.895 1407.63 1405.571 1403.759
1572.421 1570.465 1568.361 1565.969 1563.869 1561.708 1559.524 1557.36 1555.222 1553.148 1551.162 1549.24 1547.383 1546.045 1544.845 1543.176 1541.212 1539.532 1537.667 1536.062 1534.306 1532.486 1530.032 1527.245 1524.376 1521.575 1519.661 1517.734 1514.607 1511.202 1508.531 1505.82 1503.015 1500.103 1497.097 1493.997 1490.811 1487.546 1484.206 1480.791 1477.322 1473.823 1470.32 1466.833 1463.377 1459.954 1456.563 1453.205 1449.885 1446.603 1443.359 1440.156 1436.987 1433.846 1430.727 1427.63 1424.564 1421.553 1418.636 1415.839 1413.182 1410.682 1408.36 1406.258 1404.413
1574.672 1572.35 1570.033 1567.808 1565.757 1563.655 1561.541 1559.456 1557.408 1555.41 1553.48 1551.608 1550.098 1549.692 1548.84 1547.112 1545.22 1543.132 1541.017 1539.451 1537.563 1535.494 1532.625 1529.646 1527.067 1524.705 1522.707 1520.205 1516.983 1513.523 1510.649 1507.9 1505.239 1502.715 1499.808 1496.407 1492.801 1489.504 1486.126 1482.67 1479.158 1475.615 1472.063 1468.529 1465.032 1461.575 1458.155 1454.77 1451.419 1448.103 1444.816 1441.559 1438.335 1435.141 1431.977 1428.839 1425.732 1422.672 1419.694 1416.837 1414.124 1411.571 1409.2 1407.053 1405.169
1576.78 1574.227 1571.76 1569.614 1567.643 1565.641 1563.637 1561.644 1559.667 1557.724 1555.839 1554.003 1553.279 1552.686 1551.698 1550.179 1548.624 1546.386 1544.295 1542.369 1540.305 1538.241 1534.885 1531.606 1529.609 1527.621 1525.595 1522.71 1519.372 1516.026 1513.05 1510.34 1507.921 1505.53 1502.518 1499.06 1495.09 1491.521 1488.107 1484.617 1481.069 1477.487 1473.897 1470.321 1466.782 1463.289 1459.839 1456.422 1453.036 1449.679 1446.348 1443.039 1439.751 1436.493 1433.275 1430.091 1426.943 1423.84 1420.813 1417.901 1415.133 1412.529 1410.116 1407.924 1405.978
1578.243 1575.751 1573.302 1571.441 1569.574 1567.711 1565.825 1563.911 1561.989 1560.082 1558.223 1556.987 1556.326 1555.283 1553.974 1552.298 1550.428 1548.618 1546.91 1544.744 1542.318 1539.76 1536.759 1533.991 1532.023 1530.208 1528.349 1525.084 1521.493 1518.535 1515.944 1513.28 1510.676 1508.344 1504.971 1501.171 1497.408 1493.574 1490.134 1486.614 1483.036 1479.424 1475.8 1472.189 1468.612 1465.084 1461.599 1458.147 1454.722 1451.32 1447.936 1444.568 1441.218 1437.898 1434.619 1431.384 1428.191 1425.047 1421.975 1419.01 1416.183 1413.525 1411.075 1408.849 1406.853
1579.576 1577.186 1575.101 1573.337 1571.599 1570.255 1568.923 1566.694 1564.415 1562.583 1560.886 1559.962 1559.125 1557.534 1555.945 1554.134 1552.2 1550.397 1549.081 1546.671 1543.928 1540.982 1538.42 1536.144 1534.292 1532.36 1530.167 1527.305 1524.202 1521.391 1519.104 1516.312 1513.353 1510.429 1507.148 1503.535 1499.859 1495.831 1492.193 1488.651 1485.048 1481.41 1477.757 1474.113 1470.499 1466.933 1463.409 1459.914 1456.447 1452.999 1449.564 1446.142 1442.737 1439.357 1436.014 1432.721 1429.478 1426.292 1423.179 1420.169 1417.295 1414.591 1412.095 1409.83 1407.788
1580.324 1578.612 1576.946 1575.293 1573.712 1572.683 1571.492 1569.733 1567.705 1565.978 1564.209 1562.635 1560.799 1559.162 1557.661 1555.81 1553.876 1552.035 1550.292 1548.225 1545.784 1543.113 1540.48 1538.342 1536.558 1534.438 1532.093 1529.558 1527.124 1524.795 1522.137 1519.116 1515.812 1512.576 1509.285 1505.797 1502.293 1498.564 1494.255 1490.702 1487.087 1483.43 1479.752 1476.075 1472.421 1468.811 1465.244 1461.708 1458.197 1454.704 1451.219 1447.748 1444.293 1440.859 1437.459 1434.105 1430.809 1427.581 1424.435 1421.396 1418.486 1415.739 1413.201 1410.894 1408.806
1581.956 1580.396 1578.816 1577.244 1575.757 1574.988 1573.91 1572.412 1570.667 1569.302 1567.501 1565.664 1563.297 1560.984 1559.393 1557.353 1555.451 1553.707 1551.962 1550.054 1547.98 1545.76 1543.127 1540.711 1538.927 1536.512 1534.024 1531.408 1529.876 1528.037 1524.873 1521.291 1517.973 1514.62 1511.14 1507.907 1504.576 1500.932 1497.035 1492.745 1489.124 1485.459 1481.766 1478.059 1474.362 1470.701 1467.087 1463.509 1459.953 1456.415 1452.888 1449.372 1445.874 1442.394 1438.943 1435.535 1432.188 1428.919 1425.741 1422.675 1419.737 1416.956 1414.38 1412.029 1409.888
1583.677 1582.193 1580.689 1579.201 1577.796 1577.306 1576.319 1575.066 1573.604 1572.15 1570.375 1568.646 1565.972 1563.356 1560.608 1558.575 1556.917 1555.447 1553.855 1552.108 1550.279 1548.553 1545.877 1543.267 1540.787 1538.517 1536.401 1534.271 1532.376 1530.169 1527.219 1523.876 1520.497 1517.18 1513.787 1510.468 1507.214 1503.72 1499.942 1495.739 1491.151 1487.478 1483.771 1480.044 1476.311 1472.601 1468.937 1465.313 1461.714 1458.131 1454.562 1451.009 1447.472 1443.951 1440.457 1437.006 1433.617 1430.309 1427.099 1424.006 1421.041 1418.23 1415.613 1413.213 1411.01
1585.43 1584.007 1582.574 1581.16 1579.948 1579.632 1578.569 1577.538 1576.231 1574.715 1572.714 1570.391 1567.735 1564.821 1562.363 1560.525 1558.689 1557.354 1555.894 1554.21 1552.389 1550.407 1548.202 1545.953 1543.349 1540.928 1539.246 1537.115 1534.827 1532.28 1529.499 1526.588 1523.442 1520.15 1516.822 1513.471 1510.099 1506.567 1502.751 1498.612 1493.862 1489.484 1485.762 1482.016 1478.255 1474.503 1470.789 1467.118 1463.478 1459.858 1456.253 1452.665 1449.093 1445.538 1442.008 1438.522 1435.098 1431.752 1428.507 1425.382 1422.391 1419.551 1416.888 1414.429 1412.156
1587.456 1585.792 1584.439 1583.094 1582.097 1581.458 1580.398 1579.725 1578.499 1577.06 1574.792 1572.026 1569.251 1566.397 1564.536 1562.68 1560.813 1559.525 1558.041 1556.359 1554.581 1552.548 1550.45 1548.653 1546.035 1543.641 1541.713 1539.63 1537.109 1534.245 1531.37 1529.249 1526.403 1523.171 1519.856 1516.45 1512.856 1509.151 1505.127 1500.802 1496.205 1491.478 1487.739 1483.976 1480.195 1476.411 1472.651 1468.931 1465.247 1461.593 1457.958 1454.338 1450.733 1447.146 1443.586 1440.068 1436.608 1433.225 1429.942 1426.779 1423.758 1420.892 1418.187 1415.666 1413.32
