auxillary_inputs/dems/sew/initial_conditions/pg24f_14etch.txt
ncols         436
nrows         413
xllcorner     1121548.2005005
yllcorner     886503.6505127
cellsize      24
NODATA_value  -9999
[rows 377 to 405 of 413, columns 65 to 129 of 436]
1905.399 1904.048 1902.821 1902.035 1901.251 1899.705 1897.524 1895.229 1892.572 1889.431 1886.424 1884.119 1881.791 1879.478 1877.223 1875.006 1872.933 1870.921 1869.021 1867.247 1865.606 1864.131 1862.866 1861.754 1860.872 1860.107 1859.957 1859.446 1858.853 1858.262 1857.939 1857.772 1857.97 1858.295 1858.675 1858.962 1858.899 1858.309 1857.51 1856.699 1855.963 1855.334 1854.885 1854.523 1854.255 1853.971 1853.599 1853.186 1852.766 1852.31 1851.866 1851.618 1851.006 1850.407 1850.018 1849.982 1849.98 1849.97 1849.96 1849.961 1849.97 1849.984 1850.046 1850.182 1850.299
1907.175 1905.934 1904.828 1904.024 1903.219 1902.009 1900.408 1898.87 1896.5 1893.739 1890.871 1888.101 1884.932 1882.58 1880.306 1878.017 1875.803 1873.631 1871.59 1869.688 1867.906 1866.269 1864.811 1863.529 1862.434 1861.471 1860.649 1859.986 1859.525 1858.991 1858.666 1858.45 1858.59 1858.94 1859.446 1859.981 1859.97 1859.27 1858.474 1857.725 1857.063 1856.539 1856.216 1855.941 1855.685 1855.405 1855.042 1854.596 1854.16 1853.713 1853.318 1853.021 1852.38 1851.814 1851.451 1851.397 1851.455 1851.548 1851.663 1851.795 1851.937 1852.09 1852.251 1852.429 1852.632
1908.74 1907.561 1906.531 1905.774 1904.991 1904.002 1902.787 1901.458 1899.652 1897.439 1895.238 1892.665 1889.639 1886.5 1883.657 1881.1 1878.803 1876.501 1874.314 1872.306 1870.379 1868.594 1866.956 1865.495 1864.195 1863.035 1862.024 1861.117 1860.383 1859.696 1859.301 1859.01 1859.02 1859.272 1859.654 1860 1860 1859.6 1859.066 1858.537 1858.051 1857.737 1857.535 1857.375 1857.229 1857.053 1856.769 1856.324 1855.857 1855.414 1854.988 1854.51 1853.875 1853.265 1852.885 1852.705 1852.753 1852.884 1853.086 1853.348 1853.654 1853.989 1854.35 1854.708 1855.024
1909.991 1908.934 1908.158 1907.385 1906.573 1905.682 1904.628 1903.393 1901.87 1900.213 1898.864 1896.594 1893.805 1890.856 1888.176 1884.885 1881.758 1879.417 1877.179 1875.038 1872.991 1871.083 1869.296 1867.672 1866.192 1864.862 1863.694 1862.66 1861.78 1860.987 1860.32 1859.728 1859.398 1859.513 1859.705 1859.868 1859.881 1859.725 1859.491 1859.246 1859.032 1858.895 1858.804 1858.744 1858.699 1858.633 1858.443 1857.96 1857.52 1857.112 1856.629 1856.044 1855.38 1854.742 1854.256 1853.944 1853.933 1854.063 1854.333 1854.724 1855.198 1855.719 1856.291 1856.863 1857.429
1911.204 1910.21 1909.79 1908.852 1907.95 1907.129 1906.152 1904.978 1903.579 1902.2 1901.274 1899.64 1897.228 1894.507 1891.752 1888.735 1885.134 1882.342 1880.097 1877.88 1875.737 1873.707 1871.796 1870.052 1868.426 1866.954 1865.65 1864.493 1863.489 1862.582 1861.771 1861.061 1860.564 1860.237 1860.032 1860.004 1860.004 1860.003 1860.002 1860 1859.999 1859.999 1859.999 1860 1860.004 1860.002 1859.902 1859.275 1858.927 1858.635 1858.089 1857.5 1856.805 1856.103 1855.521 1855.241 1855.246 1855.464 1855.842 1856.325 1856.873 1857.439 1858.081 1858.784 1859.695
1912.767 1911.839 1911.01 1910.017 1909.099 1908.466 1907.568 1906.51 1905.219 1904.289 1903.386 1901.986 1899.932 1897.397 1894.575 1891.702 1888.528 1885.26 1883.001 1880.78 1878.607 1876.508 1874.463 1872.617 1870.856 1869.253 1867.833 1866.571 1865.465 1864.46 1863.536 1862.719 1862.093 1861.654 1861.366 1861.168 1861.07 1861.035 1861.021 1861.007 1861.006 1861.078 1861.125 1861.14 1861.109 1860.99 1860.68 1860.073 1860 1859.924 1859.293 1858.814 1858.09 1857.318 1856.74 1856.57 1856.617 1856.893 1857.344 1857.919 1858.557 1859.192 1859.84 1860.417 1861.378
1914.313 1913.414 1912.455 1911.436 1910.381 1909.841 1908.964 1908.186 1907.178 1906.327 1905.374 1904.051 1902.189 1899.859 1897.125 1894.202 1891.035 1888.189 1885.893 1883.688 1881.516 1879.407 1877.277 1875.296 1873.425 1871.709 1870.197 1868.838 1867.641 1866.555 1865.539 1864.612 1863.849 1863.293 1862.899 1862.627 1862.465 1862.377 1862.31 1862.233 1862.191 1862.183 1862.236 1862.231 1862.146 1861.947 1861.599 1861.146 1860.915 1860.631 1860.065 1859.925 1859.177 1858.359 1858.031 1857.943 1858.045 1858.368 1858.885 1859.554 1860.295 1860.965 1861.693 1862.51 1863.384
1915.943 1915.021 1914.032 1913.061 1912.077 1911.069 1910.171 1909.798 1908.871 1908.168 1907.207 1905.954 1904.167 1901.922 1899.416 1896.76 1893.877 1891.161 1889.076 1886.601 1884.406 1882.218 1880.083 1878.062 1876.116 1874.295 1872.709 1871.238 1869.958 1868.807 1867.703 1866.657 1865.759 1865.076 1864.585 1864.231 1863.978 1863.808 1863.671 1863.548 1863.466 1863.39 1863.37 1863.333 1863.2 1862.958 1862.61 1862.209 1861.864 1861.482 1861.007 1860.648 1859.985 1859.557 1859.394 1859.392 1859.558 1859.925 1860.502 1861.267 1862.103 1862.882 1864.099 1864.972 1865.615
1917.597 1916.747 1915.735 1914.68 1913.734 1912.752 1911.716 1911.044 1910.192 1909.812 1908.853 1907.792 1906.054 1903.793 1901.28 1899.353 1896.914 1894.481 1892.304 1889.753 1887.322 1885.128 1882.982 1880.956 1878.946 1877.048 1875.334 1873.744 1872.385 1871.167 1869.98 1868.786 1867.756 1866.961 1866.384 1865.927 1865.575 1865.307 1865.083 1864.921 1864.794 1864.67 1864.554 1864.477 1864.299 1864.026 1863.672 1863.274 1862.869 1862.431 1861.942 1861.491 1861.141 1860.891 1860.835 1860.921 1861.171 1861.59 1862.227 1863.091 1864.152 1865.618 1866.878 1867.562 1867.906
1919.073 1918.402 1917.46 1916.4 1915.359 1914.404 1913.433 1912.561 1911.796 1911.165 1910.259 1909.654 1908.056 1906.039 1903.964 1902.075 1899.963 1897.736 1895.63 1893.075 1890.275 1888.113 1885.996 1883.909 1881.852 1879.889 1878.094 1876.416 1874.913 1873.551 1872.226 1870.928 1869.793 1868.921 1868.268 1867.699 1867.248 1866.875 1866.566 1866.335 1866.129 1865.947 1865.8 1865.67 1865.443 1865.135 1864.768 1864.363 1863.933 1863.47 1863.034 1862.738 1862.473 1862.321 1862.327 1862.484 1862.826 1863.354 1864.088 1865.145 1866.963 1868.286 1869.548 1869.954 1870.024
1920.206 1919.857 1918.988 1918.103 1916.942 1916.035 1915.13 1914.23 1913.499 1912.794 1912.001 1911.235 1909.934 1908.284 1906.71 1904.933 1903.031 1900.917 1899.056 1896.494 1893.649 1891.109 1889.035 1886.9 1884.785 1882.758 1880.911 1879.133 1877.503 1876.01 1874.569 1873.157 1871.891 1870.946 1870.217 1869.522 1868.968 1868.495 1868.11 1867.796 1867.506 1867.239 1867.114 1866.903 1866.612 1866.261 1865.881 1865.478 1865.046 1864.59 1864.246 1864.01 1863.83 1863.756 1863.826 1864.042 1864.454 1865.06 1866.013 1867.827 1869.48 1870.232 1871.188 1871.642 1871.761
1921.636 1920.91 1920.128 1919.61 1918.471 1917.631 1916.786 1915.932 1915.227 1914.505 1913.731 1912.875 1911.728 1910.392 1909.429 1907.863 1906.259 1904.282 1902.238 1899.802 1897.058 1894.383 1892 1889.861 1887.718 1885.637 1883.687 1881.831 1880.102 1878.53 1877.018 1875.509 1874.148 1873.048 1872.158 1871.358 1870.729 1870.147 1869.681 1869.293 1868.931 1868.585 1868.494 1868.132 1867.77 1867.369 1866.987 1866.605 1866.187 1865.757 1865.512 1865.325 1865.179 1865.157 1865.29 1865.552 1865.998 1866.621 1867.952 1869.648 1870.875 1871.68 1872.443 1872.922 1873.138
1923.065 1922.33 1921.552 1920.783 1920.04 1919.231 1918.423 1917.584 1916.908 1916.185 1915.432 1914.601 1913.639 1912.605 1911.65 1910.387 1909.265 1907.364 1905.263 1902.956 1900.344 1897.741 1895.109 1892.746 1890.615 1888.493 1886.468 1884.536 1882.703 1881.068 1879.504 1877.893 1876.452 1875.233 1874.212 1873.311 1872.522 1871.813 1871.281 1870.825 1870.399 1870.047 1869.899 1869.259 1868.876 1868.409 1868.053 1867.729 1867.321 1866.932 1866.767 1866.637 1866.534 1866.548 1866.704 1866.977 1867.419 1868.02 1869.024 1870.165 1871.516 1872.547 1873.356 1873.91 1874.231
1924.477 1923.76 1923.016 1922.278 1921.537 1920.769 1920.033 1919.199 1918.467 1917.748 1917.054 1916.292 1915.5 1914.678 1913.802 1912.75 1911.594 1909.949 1908.052 1906.142 1903.838 1901.37 1898.953 1895.769 1893.521 1891.345 1889.271 1887.297 1885.379 1883.573 1881.837 1880.2 1878.746 1877.463 1876.352 1875.349 1874.442 1873.631 1872.977 1872.42 1871.911 1871.641 1871.009 1870.215 1869.923 1869.326 1869.053 1868.843 1868.404 1868.113 1867.979 1867.895 1867.852 1867.892 1868.041 1868.295 1868.705 1869.181 1869.99 1871.006 1872.193 1873.243 1874.09 1874.711 1875.122
1925.86 1925.183 1924.492 1923.791 1923.062 1922.326 1921.581 1920.782 1920.021 1919.172 1918.538 1917.834 1917.207 1916.58 1915.798 1914.856 1913.719 1912.256 1910.607 1909.304 1907.415 1905.427 1902.952 1899.5 1896.405 1894.2 1892.085 1890.078 1888.063 1886.118 1884.265 1882.547 1881.081 1879.719 1878.534 1877.44 1876.44 1875.534 1874.744 1874.057 1873.431 1873.029 1872.321 1871.544 1870.892 1870.333 1870.007 1869.934 1869.506 1869.342 1869.209 1869.145 1869.133 1869.191 1869.336 1869.542 1869.901 1870.237 1870.856 1871.836 1872.909 1873.909 1874.754 -9999 1875.881
1927.21 1926.623 1925.95 1925.294 1924.591 1923.885 1923.162 1922.393 1921.626 1920.823 1920.061 1919.177 1918.705 1918.31 1917.591 1916.766 1915.744 1914.534 1913.217 1911.986 1910.483 1909.093 1906.765 1902.785 1899.615 1897.093 1894.927 1892.818 1890.709 1888.668 1886.755 1885.002 1883.451 1881.977 1880.732 1879.543 1878.471 1877.468 1876.557 1875.726 1875.127 1874.483 1873.688 1872.879 1872.137 1871.576 1871.195 1870.921 1870.693 1870.582 1870.484 1870.436 1870.435 1870.481 1870.582 1870.7 1870.944 1871.274 1871.804 1872.7 1873.666 1874.591 -9999 -9999 -9999
1928.668 1928.318 1927.611 1926.8 1926.086 1925.417 1924.735 1923.998 1923.252 1922.48 1921.705 1920.862 1920.07 1919.859 1919.09 1918.449 1917.565 1916.607 1915.522 1914.38 1913.027 1911.49 1909.294 1906.202 1903.217 1900.939 1898.724 1895.777 1893.299 1891.184 1889.241 1887.455 1885.808 1884.278 1882.903 1881.626 1880.508 1879.394 1878.375 1877.406 1876.704 1875.971 1875.161 1874.28 1873.457 1872.878 1872.451 1872.127 1871.909 1871.801 1871.733 1871.696 1871.688 1871.707 1871.754 1871.833 1872.017 1872.333 1872.798 1873.594 1874.458 -9999 -9999 -9999 -9999
1929.987 1929.877 1929.125 1928.459 1927.499 1926.875 1926.252 1925.565 1924.854 1924.111 1923.339 1922.543 1921.758 1920.91 1920.145 1919.866 1919.059 1918.386 1917.468 1916.449 1915.122 1913.443 1911.33 1909.658 1907.753 1905.262 1902.362 1898.851 1895.855 1893.656 1891.721 1889.9 1888.195 1886.61 1885.132 1883.752 1882.489 1881.266 1880.162 1879.063 1878.208 1877.408 1876.521 1875.635 1874.812 1874.193 1873.747 1873.4 1873.153 1873.024 1872.947 1872.889 1872.86 1872.858 1872.882 1872.953 1873.131 1873.45 1873.826 1874.505 -9999 -9999 -9999 -9999 -9999
1930.927 1930.675 1930.082 1929.862 1928.951 1928.231 1927.684 1927.063 1926.389 1925.67 1924.928 1924.172 1923.392 1922.558 1921.647 1920.91 1920.133 1919.859 1919.035 1918.276 1917.095 1915.644 1914.088 1912.746 1911.152 1908.9 1905.562 1901.411 1898.409 1896.219 1894.229 1892.376 1890.623 1888.993 1887.419 1885.922 1884.522 1883.181 1881.906 1880.701 1879.756 1878.663 1877.75 1876.894 1876.155 1875.548 1875.076 1874.724 1874.47 1874.319 1874.211 1874.104 1874.048 1874.033 1874.052 1874.127 -9999 -9999 1874.869 -9999 -9999 -9999 -9999 -9999 -9999
1931.769 1931.475 1931.052 1930.709 1930.08 1929.803 1929.025 1928.448 1927.812 1927.112 1926.421 1925.705 1924.958 1924.161 1923.268 1922.32 1921.412 1920.862 1920.129 1919.833 1918.801 1917.622 1916.497 1915.296 1913.713 1911.472 1908.337 1904.076 1900.939 1898.785 1896.789 1894.913 1893.111 1891.449 1889.771 1888.158 1886.628 1885.153 1883.723 1882.383 1881.157 1880.076 1879.151 1878.321 1877.58 1876.962 1876.465 1876.089 1875.831 1875.655 1875.522 1875.396 1875.327 1875.306 -9999 -9999 -9999 -9999 -9999 -9999 -9999 -9999 -9999 -9999 -9999
1932.557 1932.254 1931.896 1931.531 1931.075 1930.697 1930.083 1929.87 1929.062 1928.432 1927.787 1927.098 1926.406 1925.634 1924.755 1923.815 1922.853 1921.975 1921.353 1920.847 1920.001 1919.097 1918.397 1917.299 1915.622 1913.264 1910.146 1906.315 1903.399 1901.344 1899.391 1897.536 1895.72 1893.964 1892.193 1890.473 1888.828 1887.219 1885.65 1884.192 1882.844 1881.668 1880.726 1879.843 1879.089 1878.449 1877.925 1877.517 1877.227 1877 1876.835 1876.703 1876.625 1876.591 -9999 -9999 -9999 -9999 -9999 -9999 -9999 -9999 -9999 -9999 -9999
1933.286 1932.979 1932.642 1932.284 1931.889 1931.494 1931.032 1930.675 1930.076 1929.549 1928.969 1928.322 1927.696 1926.94 1926.069 1925.138 1924.208 1923.305 1922.375 1921.728 1920.928 1920.121 1919.878 1918.842 1917.072 1914.67 1911.772 1908.65 1905.862 1903.874 1901.973 1900.175 1898.359 1896.564 1894.721 1892.883 1891.141 1889.395 1887.706 1886.144 1884.71 1883.46 1882.398 1881.445 1880.687 1880.012 1879.455 1879.004 1878.668 1878.388 1878.178 1878 1877.882 1877.802 -9999 -9999 -9999 -9999 -9999 -9999 -9999 -9999 -9999 -9999 -9999
1933.956 1933.639 1933.303 1932.947 1932.567 1932.166 1931.781 1931.331 1930.891 1930.412 1929.944 1929.399 1928.909 1928.062 1927.205 1926.28 1925.37 1924.519 1923.62 1922.632 1921.877 1921.205 1920.746 1919.847 1918.095 1915.699 1912.863 1910.064 1908.143 1906.319 1904.52 1902.917 1901.114 1899.325 1897.308 1895.414 1893.525 1891.653 1889.859 1888.196 1886.689 1885.364 1884.209 1883.197 1882.36 1881.641 1881.049 1880.544 1880.146 1879.811 1879.552 1879.334 -9999 -9999 -9999 -9999 -9999 -9999 -9999 -9999 -9999 -9999 -9999 -9999 -9999
1934.567 1934.238 1933.893 1933.527 1933.141 1932.831 1932.464 1932.035 1931.575 1931.116 1930.666 1930.117 1929.933 1929.036 1928.07 1927.152 1926.245 1925.415 1924.557 1923.613 1922.67 1921.953 1921.21 1920.124 1918.809 1916.631 1913.911 1911.976 1910.28 1909.173 1907.792 1906.62 1905.104 1902.98 1900.516 1898.286 1895.919 1893.953 1892.049 1890.286 1888.717 1887.317 1886.072 1884.983 1884.081 1883.315 1882.669 1882.114 1881.647 1881.252 1880.937 -9999 -9999 -9999 -9999 -9999 -9999 -9999 -9999 -9999 -9999 -9999 -9999 -9999 -9999
1935.127 1934.782 1934.42 1934.038 1933.665 1933.389 1933.031 1932.636 1932.127 1931.675 1931.145 1930.618 1930.091 1929.48 1928.679 1927.802 1926.935 1926.092 1925.219 1924.306 1923.356 1922.553 1921.746 1920.81 1919.758 1917.844 1915.623 1913.906 1912.294 1911.315 1910.312 1909.713 1908.558 1906.12 1903.401 1900.705 1898.225 1896.244 1894.256 1892.374 1890.755 1889.268 1887.926 1886.759 1885.797 1884.989 1884.286 1883.674 1883.15 -9999 -9999 -9999 -9999 -9999 -9999 -9999 -9999 -9999 -9999 -9999 -9999 -9999 -9999 -9999 -9999
1935.643 1935.279 1934.896 1934.495 1934.129 1933.867 1933.485 1933.031 1932.541 1932.039 1931.519 1930.97 1930.436 1929.972 1929.028 1928.198 1927.428 1926.637 1925.788 1924.927 1924.049 1923.143 1922.214 1921.192 1920.089 1918.89 1917.302 1915.662 1914.265 1913.196 1912.356 1911.563 1910.237 1908.236 1905.763 1903.102 1900.595 1898.56 1896.42 1894.477 1892.742 1891.177 1889.755 1888.526 1887.502 1886.644 1885.895 -9999 -9999 -9999 -9999 -9999 -9999 -9999 -9999 -9999 -9999 -9999 -9999 -9999 -9999 -9999 -9999 -9999 -9999
1936.123 1935.738 1935.334 1934.912 1934.59 1934.253 1933.847 1933.365 1932.866 1932.344 1931.8 1931.184 1930.623 1930.004 1929.236 1928.456 1927.75 1926.965 1926.175 1925.418 1924.634 1923.789 1922.923 1921.988 1920.949 1919.894 1918.84 1917.466 1916.035 1914.76 1913.944 1913.06 1911.786 1910.029 1907.842 1905.297 1902.839 1900.454 1898.436 1896.478 1894.661 1893.015 1891.539 1890.269 1889.203 1888.291 1887.491 -9999 -9999 -9999 -9999 -9999 -9999 -9999 -9999 -9999 -9999 -9999 -9999 -9999 -9999 -9999 -9999 -9999 -9999
1936.575 1936.168 1935.74 1935.332 1934.983 1934.569 1934.084 1933.602 1933.072 1932.551 1931.964 1931.365 1930.767 1930.021 1929.316 1928.614 1927.922 1927.182 1926.499 1925.8 1925.047 1924.257 1923.471 1922.616 1921.649 1920.608 1919.912 1918.914 1917.503 1916.32 1915.376 1914.405 1913.19 1911.644 1909.738 1907.267 1904.949 1902.543 1900.335 1898.372 1896.5 1894.774 1893.22 1891.969 1890.894 1889.944 -9999 -9999 -9999 -9999 -9999 -9999 -9999 -9999 -9999 -9999 -9999 -9999 -9999 -9999 -9999 -9999 -9999 -9999 -9999
-9999 -9999 -9999 -9999 1935.36 1934.892 1934.374 1933.863 1933.314 1932.749 1932.077 1931.465 1930.827 1930.07 1929.382 1928.767 1928.058 1927.399 1926.777 1926.102 1925.425 1924.704 1923.931 1923.095 1922.184 1921.246 1920.507 1919.874 1918.475 1917.473 1916.542 1915.543 1914.361 1912.941 1911.274 1909.334 1906.984 1904.604 1902.249 1900.163 1898.298 1896.547 1894.993 1893.698 1892.587 -9999 -9999 -9999 -9999 -9999 -9999 -9999 -9999 -9999 -9999 -9999 -9999 -9999 -9999 -9999 -9999 -9999 -9999 -9999 -9999
