auxillary_inputs/dems/sew/initial_conditions/pg24f_14etch.txt
ncols         436
nrows         413
xllcorner     1121548.2005005
yllcorner     886503.6505127
cellsize      24
NODATA_value  -9999
[rows 174 to 202 of 413, columns 195 to 259 of 436]
1585.415 1583.101 1580.748 1578.377 1575.989 1573.599 1571.245 1568.953 1566.686 1564.432 1562.166 1559.985 1557.718 1555.27 1552.679 1549.974 1547.273 1544.751 1542.292 1539.942 1537.738 1535.517 1533.349 1531.351 1529.569 1527.312 1525.182 1523.364 1521.968 1521.039 1519.97 1518.949 1518.305 1517.515 1516.667 1515.836 1515.085 1514.489 1513.819 1512.813 1511.479 1510.148 1509.212 1508.036 1507.08 1505.994 1504.207 1500.992 1497.091 1493.767 1490.019 1486.111 1482.394 1479.06 1476.427 1475.042 1474.776 1475.443 1476.56 1477.877 1479.192 1480.428 1481.57 1484.335 1487.078
1585.829 1583.481 1581.089 1578.696 1576.268 1573.831 1571.434 1569.109 1566.819 1564.537 1562.237 1559.984 1557.726 1555.287 1552.691 1549.93 1547.037 1544.408 1541.847 1539.598 1537.247 1534.832 1532.489 1530.302 1528.271 1525.931 1523.71 1522.071 1520.691 1519.628 1518.454 1517.397 1516.407 1515.463 1514.719 1513.975 1513.217 1512.789 1512.297 1511.246 1509.897 1508.822 1507.583 1506.167 1504.619 1502.936 1501.062 1498.892 1496.287 1493.159 1489.727 1486.298 1483.031 1480.118 1477.786 1476.802 1476.821 1477.818 1479.349 1481.074 1482.765 1484.301 1488.795 1492.12 1493.847
1586.278 1583.903 1581.467 1579.059 1576.579 1574.083 1571.629 1569.269 1566.962 1564.651 1562.308 1559.982 1557.72 1555.28 1552.677 1549.872 1546.797 1544.056 1541.362 1538.851 1536.575 1534.077 1531.602 1529.474 1526.981 1524.559 1522.613 1520.943 1519.525 1518.299 1517.135 1516.028 1514.987 1514.005 1513.129 1512.325 1511.572 1510.869 1510.185 1509.48 1508.479 1507.29 1505.909 1504.445 1502.909 1501.293 1499.541 1497.505 1495.153 1492.37 1489.431 1486.494 1483.75 1481.408 1479.61 1479.041 1479.436 1480.756 1482.582 1484.562 1486.488 1490.611 1495.819 1498.395 1499.019
1587.043 1584.386 1581.932 1579.489 1576.939 1574.375 1571.857 1569.466 1567.132 1564.784 1562.396 1559.98 1557.697 1555.254 1552.656 1549.873 1546.76 1543.798 1541.039 1538.712 1536.304 1533.467 1530.55 1528.169 1525.763 1523.563 1521.584 1519.91 1518.474 1517.191 1515.97 1514.811 1513.743 1512.735 1511.91 1511.17 1510.428 1509.642 1508.816 1507.926 1506.765 1505.429 1503.885 1502.297 1500.731 1499.177 1497.583 1495.748 1493.78 1491.476 1489.03 1486.68 1484.536 1482.94 1481.932 1481.749 1482.525 1484.123 1486.14 1488.241 1490.212 1496.478 1500.694 1502.405 1502.209
1587.805 1585.339 1582.674 1579.948 1577.333 1574.745 1572.183 1569.773 1567.376 1564.966 1562.518 1560.015 1557.673 1555.232 1552.656 1549.95 1547.114 1544.223 1541.585 1539.477 1536.547 1533.341 1530.143 1527.386 1524.949 1522.702 1520.743 1519.026 1517.561 1516.258 1515.024 1513.833 1512.794 1511.808 1510.966 1510.185 1509.354 1508.461 1507.478 1506.315 1504.913 1503.38 1501.712 1500.05 1498.474 1496.96 1495.6 1494.111 1492.513 1490.756 1488.936 1487.207 1485.701 1484.98 1484.716 1485.049 1486.129 1487.862 1489.923 1492.003 1495.384 1501.173 1504.376 1505.34 1504.753
1588.596 1586.279 1583.572 1580.672 1578.003 1575.196 1572.625 1570.145 1567.645 1565.15 1562.635 1560.084 1557.677 1555.266 1552.729 1550.099 1547.59 1544.84 1542.169 1539.752 1536.615 1533.297 1530.026 1526.831 1524.282 1521.97 1520.001 1518.276 1516.776 1515.449 1514.211 1513.061 1512.051 1511.092 1510.147 1509.235 1508.304 1507.25 1506.089 1504.732 1503.092 1501.399 1499.673 1498.051 1496.611 1495.291 1494.164 1492.999 1491.821 1490.641 1489.445 1488.443 1487.918 1487.805 1488.096 1488.854 1490.12 1491.84 1493.793 1495.726 1500.784 1505.362 1507.438 1507.632 1506.823
1589.651 1587.28 1584.633 1581.921 1579.301 1576.033 1572.982 1570.403 1567.84 1565.283 1562.71 1560.117 1557.732 1555.411 1552.985 1550.46 1548.203 1545.182 1542.071 1539.407 1536.196 1532.972 1529.883 1526.596 1523.798 1521.493 1519.482 1517.719 1516.173 1514.795 1513.504 1512.345 1511.358 1510.421 1509.357 1508.226 1507.1 1505.913 1504.63 1503.223 1501.58 1499.908 1498.284 1496.832 1495.629 1494.556 1493.791 1493.068 1492.299 1491.611 1490.999 1490.944 1491.075 1491.489 1492.174 1493.146 1494.412 1495.946 1497.64 1499.697 1505.475 1508.934 1509.924 1509.328 1508.474
1589.991 1587.814 1585.322 1582.668 1579.875 1576.598 1573.257 1570.531 1567.924 1565.328 1562.716 1560.092 1557.819 1555.633 1553.429 1551.228 1548.962 1545.163 1541.226 1538.234 1535.146 1532.108 1529.362 1526.146 1523.407 1521.164 1519.148 1517.344 1515.717 1514.259 1512.928 1511.768 1510.723 1509.698 1508.499 1507.148 1505.847 1504.55 1503.32 1502.034 1500.633 1499.223 1497.78 1496.803 1496.18 1495.898 1495.626 1495.234 1494.839 1494.596 1494.51 1494.75 1495.21 1495.907 1496.774 1497.76 1498.852 1500.074 1501.431 1505.075 1509.231 1511.381 1511.746 1510.512 1509.903
1590.05 1587.999 1585.606 1582.957 1580.047 1576.799 1573.408 1570.532 1567.894 1565.273 1562.637 1560.042 1557.858 1555.698 1553.498 1551.214 1548.664 1544.587 1540.482 1537.107 1533.912 1530.792 1528.157 1525.467 1523.042 1520.896 1518.913 1517.123 1515.508 1513.99 1512.634 1511.41 1510.275 1509.046 1507.65 1506.117 1504.632 1503.337 1502.28 1501.341 1500.389 1499.648 1499.092 1498.79 1498.716 1498.774 1498.81 1498.742 1498.652 1498.681 1498.887 1499.323 1499.952 1500.75 1501.616 1502.465 1503.282 1504.128 1505.067 1508.881 1511.859 1513.408 1513.648 1512.562 1511.585
1590.032 1587.966 1585.596 1582.968 1580.072 1576.845 1573.453 1570.379 1567.729 1565.096 1562.45 1560.06 1557.808 1555.523 1553.099 1550.358 1547.185 1543.256 1539.499 1536.094 1533.175 1530.357 1527.646 1525.071 1522.689 1520.598 1518.687 1516.94 1515.366 1513.876 1512.543 1511.306 1510.015 1508.542 1506.926 1505.276 1503.732 1502.615 1501.944 1501.428 1501.169 1501.279 1501.462 1501.767 1502.17 1502.563 1502.862 1503.047 1503.188 1503.398 1503.738 1504.248 1504.909 1505.671 1506.413 1507.05 1507.591 1508.73 1510.386 1512.231 1514.301 1515.454 1515.626 1514.677 1513.561
1589.769 1587.643 1585.294 1582.733 1579.968 1576.734 1573.391 1570.202 1567.466 1564.93 1562.488 1560.068 1557.653 1555.17 1552.567 1549.614 1545.667 1541.578 1538.514 1535.541 1532.67 1529.932 1527.243 1524.731 1522.433 1520.353 1518.487 1516.808 1515.252 1513.806 1512.537 1511.201 1509.733 1508.123 1506.491 1504.87 1503.484 1502.699 1502.648 1502.99 1503.491 1504.127 1504.833 1505.576 1506.291 1506.905 1507.384 1507.742 1508.046 1508.366 1508.739 1509.223 1509.81 1510.436 1510.964 1512.916 1514.363 1515.097 1515.609 1516.292 1517.205 1517.763 1517.664 1516.673 1515.357
1588.698 1586.662 1584.37 1581.908 1579.388 1576.198 1573.024 1570.078 1567.341 1564.783 1562.355 1559.958 1557.278 1554.531 1551.778 1548.87 1544.835 1541.014 1537.969 1535.01 1532.131 1529.42 1526.806 1524.376 1522.162 1520.098 1518.273 1516.643 1515.159 1513.801 1512.507 1511.101 1509.56 1507.958 1506.409 1504.942 1503.924 1504.075 1504.8 1505.736 1506.769 1507.854 1508.911 1509.909 1510.796 1511.512 1512.068 1512.524 1512.923 1513.285 1513.632 1514.021 1514.473 1516.493 1518.903 1520.132 1520.383 1520.201 1519.99 1519.941 1520.038 1520.071 1519.754 1518.52 1516.998
1587.599 1585.455 1583.142 1580.556 1577.94 1574.926 1572.033 1569.475 1566.758 1564.195 1561.758 1559.419 1556.469 1553.488 1550.568 1547.671 1544.067 1540.463 1537.457 1534.54 1531.677 1528.945 1526.356 1523.981 1521.804 1519.82 1518.093 1516.542 1515.123 1513.833 1512.558 1511.126 1509.556 1508.029 1506.594 1505.517 1505.267 1506.349 1507.764 1509.269 1510.743 1512.148 1513.401 1514.511 1515.451 1516.166 1516.719 1517.199 1517.611 1517.944 1518.224 1519.353 1521.378 1523.725 1525.229 1525.59 1524.966 1524.113 1523.394 1522.884 1522.516 1522.154 1521.382 1520.078 1518.67
1586.075 1584.033 1581.86 1579.385 1576.327 1573.119 1570.26 1567.843 1565.443 1563.031 1560.503 1558.008 1555.108 1552.218 1549.633 1546.774 1543.528 1540.114 1536.984 1534.105 1531.281 1528.516 1525.92 1523.578 1521.485 1519.619 1517.938 1516.445 1515.127 1513.866 1512.564 1511.108 1509.608 1508.122 1506.932 1506.435 1507.251 1509.037 1511.108 1513.158 1515.021 1516.658 1518.026 1519.165 1520.063 1520.714 1521.2 1522.311 1523.473 1524.367 1525.103 1525.951 1527.185 1528.786 1529.525 1529.206 1527.906 1526.705 1525.801 1525.121 1524.523 1523.888 1522.959 1521.717 1520.37
1584.62 1582.457 1580.279 1577.618 1574.406 1571.039 1568.435 1565.937 1563.747 1561.638 1559.341 1556.513 1553.539 1550.696 1548.404 1545.907 1543.081 1540.037 1536.64 1533.673 1530.895 1528.126 1525.551 1523.207 1521.169 1519.396 1517.833 1516.46 1515.181 1513.936 1512.65 1511.247 1509.758 1508.396 1507.65 1508.077 1509.679 1512.05 1514.654 1517.154 1519.328 1521.13 1522.547 1524.939 1527.436 1528.707 1529.247 1529.561 1530.038 1530.272 1530.369 1530.501 1530.843 1531.511 1531.426 1530.287 1529.145 1528.128 1527.41 1526.836 1526.203 1525.499 1524.607 1523.489 1522.267
1582.476 1580.346 1578.555 1575.674 1572.485 1569.434 1566.847 1564.34 1561.941 1559.768 1557.44 1554.767 1552.073 1549.756 1547.5 1545.158 1542.627 1539.802 1536.194 1533.207 1530.479 1527.73 1525.19 1522.871 1520.898 1519.226 1517.804 1516.549 1515.347 1514.155 1512.901 1511.468 1510.069 1508.957 1508.719 1510.11 1512.465 1515.349 1518.349 1521.159 1523.533 1526.086 1530.763 1533.582 1534.952 1535.344 1535.155 1534.661 1535.001 1534.828 1534.554 1534.291 1534.023 1533.806 1533.147 1531.614 1530.128 1529.131 1528.675 1528.328 1527.705 1527.063 1526.254 1525.19 1523.849
1579.851 1577.567 1575.609 1573.088 1570.262 1567.697 1565.123 1562.612 1560.27 1557.921 1555.564 1553.183 1550.764 1548.688 1546.592 1544.297 1541.84 1539.161 1535.424 1532.712 1530.056 1527.421 1524.942 1522.685 1520.725 1519.085 1517.756 1516.582 1515.464 1514.38 1513.208 1511.887 1510.749 1510.153 1510.726 1512.758 1515.654 1518.908 1522.147 1525.11 1528.139 1534.691 1538.324 1539.942 1540.308 1540.037 1539.562 1539.276 1539.059 1538.262 1537.761 1537.329 1536.612 1535.799 1534.68 1533.144 1531.565 1530.307 1530.016 1529.844 1529.098 1528.579 1527.921 1526.833 1525.438
1577.915 1575.595 1573.298 1570.929 1568.44 1565.9 1563.369 1560.912 1558.527 1556.213 1553.967 1551.738 1549.997 1548.018 1545.744 1543.255 1540.582 1537.795 1534.851 1532.266 1529.701 1527.185 1524.771 1522.601 1520.686 1519.113 1517.818 1516.703 1515.684 1514.704 1513.681 1512.575 1511.857 1511.951 1513.393 1515.989 1519.251 1522.706 1526.005 1528.92 1535.363 1540.582 1543.29 1544.185 1543.929 1543.053 1541.926 1541.717 1541.266 1540.386 1540.043 1539.691 1538.648 1537.546 1536.349 1534.95 1533.543 1532.37 1531.705 1531.079 1530.186 1529.98 1529.693 1528.388 1526.979
1575.996 1573.627 1571.395 1569.13 1566.63 1564.081 1561.57 1559.125 1556.747 1554.465 1552.34 1550.262 1549.407 1547.26 1544.786 1542.166 1539.546 1536.698 1534.24 1531.791 1529.331 1526.938 1524.598 1522.504 1520.692 1519.26 1518.042 1516.954 1516.068 1515.308 1514.572 1513.86 1513.745 1514.674 1516.717 1519.686 1523.138 1526.64 1529.844 1534.682 1540.943 1544.746 1546.544 1546.913 1546.327 1545.258 1544.064 1543.659 1543.146 1542.421 1541.857 1541.166 1540.045 1538.936 1538.039 1536.869 1535.709 1534.622 1533.719 1532.85 1531.935 1530.999 1530.116 1529.236 1528.264
1574.211 1571.884 1569.585 1567.269 1564.805 1562.267 1559.781 1557.346 1554.987 1552.722 1550.707 1548.73 1547.634 1545.784 1543.428 1540.704 1538.227 1535.931 1533.57 1531.215 1528.894 1526.655 1524.483 1522.482 1520.788 1519.46 1518.36 1517.504 1516.865 1516.387 1516.001 1515.822 1516.423 1518.036 1520.558 1523.742 1527.219 1530.612 1533.766 1540.767 1545.164 1547.684 1548.659 1548.668 1547.939 1546.961 1545.999 1545.491 1544.936 1544.253 1543.548 1542.592 1541.416 1540.258 1539.751 1538.708 1537.84 1536.837 1535.867 1534.717 1533.702 1532.63 1531.488 1530.312 1529.568
1572.513 1570.235 1567.871 1565.477 1563.024 1560.533 1558.037 1555.616 1553.321 1551.151 1549.113 1547.171 1545.708 1544.069 1542.002 1539.505 1537.359 1535.174 1532.948 1530.694 1528.521 1526.417 1524.398 1522.499 1520.941 1519.689 1518.788 1518.321 1518.029 1517.946 1517.938 1518.455 1519.765 1521.95 1524.801 1528.065 1531.423 1534.578 1541.199 1545.813 1548.385 1549.867 1550.149 1549.951 1549.128 1548.427 1547.918 1547.293 1546.677 1545.956 1545.141 1544.152 1543.038 1541.965 1541.168 1540.213 1539.748 1538.782 1537.931 1536.625 1535.398 1534.249 1533.029 1531.77 1530.436
1570.807 1568.507 1566.138 1563.718 1561.252 1558.761 1556.282 1553.894 1551.658 1549.559 1547.574 1545.693 1543.893 1542.223 1540.375 1538.49 1536.504 1534.439 1532.332 1530.205 1528.17 1526.22 1524.349 1522.616 1521.176 1520.072 1519.489 1519.32 1519.402 1519.799 1520.365 1521.498 1523.409 1526.07 1529.152 1532.434 1535.616 1542.575 1547.678 1550.07 1550.946 1551.746 1551.843 1551.214 1550.271 1550.003 1549.765 1548.942 1548.337 1547.574 1546.752 1545.792 1544.846 1544.003 1543.098 1542.147 1541.196 1540.208 1539.637 1538.209 1537.043 1535.849 1534.576 1533.263 1531.866
1569.369 1566.798 1564.412 1562.01 1559.569 1557.047 1554.563 1552.216 1550.04 1548.004 1546.087 1544.288 1542.583 1540.946 1539.348 1537.566 1535.725 1533.793 1531.785 1529.808 1527.891 1526.085 1524.377 1522.88 1521.619 1520.811 1520.408 1520.533 1520.901 1521.689 1522.897 1524.654 1527.122 1530.159 1533.39 1536.65 1543.629 1549.541 1552.733 1553.768 1553.812 1553.9 1553.715 1553.003 1552.203 1551.703 1551.129 1550.222 1549.838 1548.991 1548.319 1547.561 1546.794 1545.922 1544.983 1543.994 1542.97 1541.901 1540.834 1539.748 1538.632 1537.409 1536.11 1534.763 1533.304
1567.489 1565.055 1562.688 1560.334 1557.906 1555.407 1552.938 1550.665 1548.554 1546.588 1544.744 1543.023 1541.402 1539.835 1538.302 1536.651 1534.973 1533.149 1531.264 1529.424 1527.645 1525.939 1524.401 1523.165 1522.297 1521.798 1521.684 1522.029 1522.708 1523.929 1525.768 1528.094 1530.957 1534.204 1537.5 1543.854 1550.733 1554.985 1556.734 1556.723 1556.118 1555.974 1555.707 1555.018 1554.292 1553.633 1552.842 1551.894 1551.309 1550.73 1550.135 1549.392 1548.608 1547.717 1546.765 1545.759 1544.706 1543.595 1542.472 1541.321 1540.217 1538.954 1537.622 1536.236 1534.729
1565.642 1563.299 1560.979 1559.055 1556.385 1553.901 1551.514 1549.256 1547.2 1545.316 1543.56 1541.924 1540.411 1538.865 1537.407 1535.904 1534.311 1532.596 1530.817 1529.072 1527.412 1525.862 1524.59 1523.704 1523.146 1522.966 1523.174 1523.771 1524.816 1526.564 1528.909 1531.724 1534.889 1538.243 1543.121 1550.98 1556.18 1559.128 1559.764 1558.972 1558.204 1558.011 1557.751 1557.045 1556.386 1555.701 1554.759 1553.797 1553.213 1552.571 1551.892 1551.112 1550.341 1549.432 1548.493 1547.487 1546.44 1545.319 1544.168 1542.979 1541.777 1540.47 1539.105 1537.902 1536.39
1563.923 1561.587 1559.331 1557.102 1554.79 1552.45 1550.144 1547.899 1545.935 1544.177 1542.53 1540.973 1539.51 1538.058 1536.701 1535.28 1533.792 1532.24 1530.556 1528.912 1527.348 1525.972 1525.072 1524.475 1524.231 1524.376 1524.877 1525.806 1527.32 1529.563 1532.343 1535.513 1538.838 1542.171 1550.106 1556.221 1559.842 1561.614 1561.626 1560.532 1560.092 1559.983 1559.753 1558.892 1558.355 1557.771 1556.665 1555.682 1555.031 1554.339 1553.614 1552.824 1552.009 1551.098 1550.202 1549.193 1548.161 1547.04 1545.878 1544.65 1543.353 1541.972 1540.524 1539.559 1537.886
1562.275 1560.011 1557.748 1555.519 1553.289 1551.035 1548.769 1546.582 1544.761 1543.163 1541.611 1540.176 1538.837 1537.498 1536.159 1534.82 1533.468 1532.038 1530.506 1528.976 1527.579 1526.47 1525.823 1525.516 1525.598 1526.1 1527.012 1528.406 1530.378 1532.971 1536.062 1539.426 1542.793 1549.026 1555.509 1559.315 1562.01 1563.403 1563.478 1562.759 1562.231 1561.844 1561.277 1560.351 1560.085 1559.619 1558.269 1557.454 1556.764 1556.06 1555.323 1554.531 1553.698 1552.793 1551.857 1550.85 1549.86 1548.739 1547.574 1546.295 1544.913 1543.439 1541.894 1540.321 1538.855
1560.64 1558.432 1556.189 1553.99 1551.884 1549.776 1547.614 1545.568 1543.799 1542.278 1540.861 1539.541 1538.318 1537.032 1535.782 1534.606 1533.336 1532.009 1530.632 1529.208 1528.065 1527.265 1526.867 1526.874 1527.33 1528.239 1529.596 1531.448 1533.84 1536.758 1540.028 1543.442 1547.744 1555.218 1559.515 1561.253 1563.711 1565.123 1565.4 1564.935 1564.383 1563.842 1563.169 1562.385 1561.82 1560.502 1559.818 1559.146 1558.44 1557.745 1557.032 1556.255 1555.415 1554.51 1553.558 1552.556 1551.519 1550.377 1549.66 1548.264 1546.628 1544.885 1543.256 1541.611 1540.033
1559.112 1556.902 1554.705 1552.546 1550.577 1548.572 1546.578 1544.713 1543.046 1541.612 1540.299 1539.074 1537.899 1536.715 1535.633 1534.562 1533.385 1532.175 1530.97 1529.673 1528.886 1528.387 1528.29 1528.652 1529.507 1530.84 1532.633 1534.913 1537.699 1540.867 1544.21 1547.532 1555.182 1560.863 1564.156 1565.476 1566.45 1567.363 1567.531 1567.016 1566.449 1565.877 1565.128 1564.251 1563.13 1562.316 1561.519 1560.836 1560.102 1559.411 1558.726 1557.976 1557.141 1556.245 1555.291 1554.353 1553.422 1552.385 1551.39 1549.982 1548.312 1546.453 1544.635 1542.925 1541.299
