auxillary_inputs/dems/sew/initial_conditions/pg24f_0etch.txt
ncols         436
nrows         413
xllcorner     1121548.2005005
yllcorner     886503.6505127
cellsize      24
NODATA_value  -9999
[rows 116 to 144 of 413, columns 130 to 194 of 436]
-9999 -9999 -9999 -9999 -9999 -9999 -9999 -9999 -9999 -9999 -9999 -9999 -9999 -9999 -9999 -9999 -9999 -9999 -9999 -9999 -9999 -9999 -9999 -9999 -9999 -9999 -9999 -9999 -9999 -9999 -9999 -9999 -9999 -9999 -9999 -9999 -9999 -9999 -9999 -9999 -9999 -9999 -9999 -9999 -9999 -9999 -9999 -9999 -9999 1573.381 1571.757 1570.173 1569.163 1567.833 1566.255 1564.533 1562.772 1561.121 1559.794 1557.95 1555.999 1554.121 1552.43 1550.653 1548.775
-9999 -9999 -9999 -9999 -9999 -9999 -9999 -9999 -9999 -9999 -9999 -9999 -9999 -9999 -9999 -9999 -9999 -9999 -9999 -9999 -9999 -9999 -9999 -9999 -9999 -9999 -9999 -9999 -9999 -9999 -9999 -9999 -9999 -9999 -9999 -9999 -9999 -9999 -9999 -9999 -9999 -9999 -9999 -9999 -9999 -9999 -9999 -9999 1575.968 1574.213 1572.543 1570.913 1569.864 1568.356 1566.698 1564.948 1563.203 1561.537 1559.992 1558.277 1556.394 1554.369 1552.41 1550.523 1549.004
-9999 -9999 -9999 -9999 -9999 -9999 -9999 -9999 -9999 -9999 -9999 -9999 -9999 -9999 -9999 -9999 -9999 -9999 -9999 -9999 -9999 -9999 -9999 -9999 -9999 -9999 -9999 -9999 -9999 -9999 -9999 -9999 -9999 -9999 -9999 -9999 -9999 -9999 -9999 -9999 -9999 -9999 -9999 -9999 -9999 -9999 -9999 1578.943 1576.944 1575.109 1573.371 1571.669 1570.004 1568.644 1567.063 1565.304 1563.537 1561.752 1560.023 1558.511 1556.782 1554.859 1552.91 1551.156 1549.792
-9999 -9999 -9999 -9999 -9999 -9999 -9999 -9999 -9999 -9999 -9999 -9999 -9999 -9999 -9999 -9999 -9999 -9999 -9999 -9999 -9999 -9999 -9999 -9999 -9999 -9999 -9999 -9999 -9999 -9999 -9999 -9999 -9999 -9999 -9999 -9999 -9999 -9999 -9999 -9999 -9999 -9999 -9999 -9999 -9999 -9999 1582.37 1580.085 1577.978 1576.042 1574.219 1572.44 1570.688 1569.027 1567.525 1565.782 1563.964 1562.086 1560.239 1558.958 1557.26 1555.333 1553.411 1551.655 1550.02
-9999 -9999 -9999 -9999 -9999 -9999 -9999 -9999 -9999 -9999 -9999 -9999 -9999 -9999 -9999 -9999 -9999 -9999 -9999 -9999 -9999 -9999 -9999 -9999 -9999 -9999 -9999 -9999 -9999 -9999 -9999 -9999 -9999 -9999 -9999 -9999 -9999 -9999 -9999 -9999 -9999 -9999 -9999 -9999 -9999 1586.26 1583.693 1581.287 1579.056 1576.992 1575.062 1573.207 1571.389 1569.81 1568.114 1566.343 1564.547 1562.767 1561.124 1559.764 1557.753 1555.629 1553.588 1551.736 1549.998
-9999 -9999 -9999 -9999 -9999 -9999 -9999 -9999 -9999 -9999 -9999 -9999 -9999 -9999 -9999 -9999 -9999 -9999 -9999 -9999 -9999 -9999 -9999 -9999 -9999 -9999 -9999 -9999 -9999 -9999 -9999 -9999 -9999 -9999 -9999 -9999 -9999 -9999 -9999 -9999 -9999 -9999 -9999 -9999 1590.533 1587.72 1585.055 1582.542 1580.186 1577.989 1575.931 1573.974 1572.092 1570.251 1568.483 1566.838 1565.104 1563.359 1561.669 1559.976 1557.84 1555.568 1553.347 1551.326 1549.638
-9999 -9999 -9999 -9999 -9999 -9999 -9999 -9999 -9999 -9999 -9999 -9999 -9999 -9999 -9999 -9999 -9999 -9999 -9999 -9999 -9999 -9999 -9999 -9999 -9999 -9999 -9999 -9999 -9999 -9999 -9999 -9999 -9999 -9999 -9999 -9999 -9999 -9999 -9999 -9999 -9999 -9999 -9999 1595.092 1592.071 1589.175 1586.424 1583.824 1581.363 1579.045 1576.869 1574.807 1572.831 1570.915 1569.033 1567.345 1565.584 1563.779 1561.948 1560 1557.715 1555.288 1552.806 1550.391 1548.572
-9999 -9999 -9999 -9999 -9999 -9999 -9999 -9999 -9999 -9999 -9999 -9999 -9999 -9999 -9999 -9999 -9999 -9999 -9999 -9999 -9999 -9999 -9999 -9999 -9999 -9999 -9999 -9999 -9999 -9999 -9999 -9999 -9999 -9999 -9999 -9999 -9999 -9999 -9999 -9999 -9999 -9999 1599.853 1596.677 1593.59 1590.62 1587.791 1585.107 1582.558 1580.142 1577.863 1575.701 1573.63 1571.625 1569.763 1567.877 1565.97 1564.056 1562.092 1559.99 1557.63 1555.124 1552.659 1550.417 1548.149
-9999 -9999 -9999 -9999 -9999 -9999 -9999 -9999 -9999 -9999 -9999 -9999 -9999 -9999 -9999 -9999 -9999 -9999 -9999 -9999 -9999 -9999 -9999 -9999 -9999 -9999 -9999 -9999 -9999 -9999 -9999 -9999 -9999 -9999 -9999 -9999 -9999 -9999 -9999 -9999 1608.879 1604.719 1601.443 1598.215 1595.066 1592.028 1589.13 1586.374 1583.751 1581.253 1578.877 1576.619 1574.448 1572.347 1570.292 1568.246 1566.179 1564.214 1562.165 1559.98 1557.579 1555.076 1552.786 1550.513 1548.234
-9999 -9999 -9999 -9999 -9999 -9999 -9999 -9999 -9999 -9999 -9999 -9999 -9999 -9999 -9999 -9999 -9999 -9999 -9999 -9999 -9999 -9999 -9999 -9999 -9999 -9999 -9999 -9999 -9999 -9999 -9999 -9999 -9999 -9999 -9999 -9999 -9999 -9999 -9999 1615.959 1611.205 1606.334 1602.953 1599.685 1596.485 1593.389 1590.423 1587.594 1584.902 1582.332 1579.872 1577.517 1575.243 1573.04 1570.894 1568.766 1566.619 1564.433 1562.217 1559.973 1557.609 1555.274 1552.947 1550.651 1548.369
-9999 -9999 -9999 -9999 -9999 -9999 -9999 -9999 -9999 -9999 -9999 -9999 -9999 -9999 -9999 -9999 -9999 -9999 -9999 -9999 -9999 -9999 -9999 -9999 -9999 -9999 -9999 -9999 -9999 -9999 -9999 -9999 -9999 -9999 -9999 -9999 -9999 -9999 1621.768 1618.105 1613.342 1608.493 1604.375 1601.076 1597.836 1594.688 1591.658 1588.763 1586.007 1583.37 1580.833 1578.39 1576.029 1573.746 1571.513 1569.298 1567.069 1564.815 1562.536 1560.217 1557.866 1555.507 1553.151 1550.826 1548.53
-9999 -9999 -9999 -9999 -9999 -9999 -9999 -9999 -9999 -9999 -9999 -9999 -9999 -9999 -9999 -9999 -9999 -9999 -9999 -9999 -9999 -9999 -9999 -9999 -9999 -9999 -9999 -9999 -9999 -9999 -9999 -9999 -9999 1638.5 1635.934 1633.034 1629.827 1626.026 1622.262 1618.675 1614.191 1609.483 1605.699 1602.385 1599.121 1595.934 1592.851 1589.896 1587.077 1584.373 1581.764 1579.474 1576.814 1574.453 1572.129 1569.827 1567.532 1565.221 1562.891 1560.54 1558.163 1555.774 1553.392 1551.041 1548.728
-9999 -9999 -9999 -9999 -9999 -9999 -9999 -9999 -9999 -9999 -9999 -9999 -9999 -9999 -9999 -9999 -9999 -9999 -9999 -9999 -9999 -9999 -9999 -9999 -9999 -9999 -9999 -9999 -9999 -9999 -9999 -9999 1641.716 1639.563 1636.623 1633.375 1629.784 1625.484 1621.222 1617.909 1614.103 1610.257 1606.927 1603.609 1600.334 1597.126 1594.007 1590.998 1588.116 1585.343 1582.66 1580.074 1577.578 1575.144 1572.747 1570.378 1568.025 1565.67 1563.294 1560.904 1558.503 1556.09 1553.686 1551.312 1548.969
-9999 -9999 -9999 -9999 -9999 -9999 -9999 -9999 -9999 -9999 -9999 -9999 -9999 -9999 -9999 -9999 -9999 -9999 -9999 -9999 -9999 -9999 -9999 -9999 -9999 -9999 1659.347 1655.925 1652.78 1649.99 1647.265 1644.701 1642.304 1639.897 1636.851 1633.418 1629.578 1625.06 1621.195 1617.965 1614.688 1611.382 1608.063 1604.752 1601.473 1598.25 1595.106 1592.056 1589.113 1586.274 1583.527 1580.878 1578.333 1575.825 1573.377 1570.963 1568.568 1566.165 1563.748 1561.505 1559.398 1556.447 1554.023 1551.63 1549.257
-9999 -9999 -9999 -9999 -9999 -9999 -9999 -9999 -9999 -9999 -9999 -9999 -9999 -9999 -9999 -9999 -9999 -9999 -9999 -9999 -9999 -9999 -9999 -9999 1667.486 1663.785 1660.01 1656.355 1653.024 1650.054 1647.382 1644.887 1642.463 1639.925 1636.892 1633.463 1629.621 1625.327 1622.183 1618.976 1615.719 1612.431 1609.12 1605.814 1602.53 1599.291 1596.118 1593.021 1590.027 1587.141 1584.347 1581.646 1579.417 1576.502 1574.016 1571.566 1569.127 1566.684 1564.452 1562.226 1559.824 1556.861 1554.412 1551.985 1549.577
-9999 -9999 -9999 -9999 -9999 -9999 -9999 -9999 -9999 -9999 -9999 -9999 -9999 -9999 -9999 -9999 -9999 -9999 -9999 -9999 -9999 -9999 -9999 1672.269 1668.893 1664.575 1660.256 1656.437 1653.022 1650 1647.388 1644.945 1642.488 1639.899 1636.99 1633.767 1630.225 1626.299 1623.094 1619.921 1617.658 1614.917 1611.113 1607.242 1603.599 1600.247 1597.04 1593.901 1590.859 1587.933 1585.107 1582.374 1579.857 1577.165 1574.642 1572.148 1569.667 1567.343 1565.021 1562.618 1559.958 1557.313 1554.839 1552.372 1549.911
-9999 -9999 -9999 -9999 -9999 -9999 -9999 -9999 1699.947 1698.772 1697.471 1696.125 1694.76 1693.41 1692.122 1690.936 -9999 -9999 -9999 -9999 -9999 1679.498 1676.501 1673.189 1669.528 1664.95 1660.365 1656.52 1653.429 1650.455 1647.594 1645.214 1642.684 1640.005 1637.331 1634.535 1631.668 1628.558 1625.064 1622.495 1620.22 1617.748 1613.595 1609.335 1605.208 1601.224 1597.876 1594.7 1591.622 1588.655 1585.796 1583.039 1580.374 1577.774 1575.215 1572.681 1570.164 1567.671 1565.305 1562.802 1560.257 1557.772 1555.276 1552.769 1550.255
1711.34 1710.104 1708.811 1707.432 1705.983 1704.495 1702.986 1701.451 1700.001 1698.754 1697.377 1695.914 1694.402 1692.896 1691.465 1690.147 1689.042 1687.38 1685.362 1683.23 1681.245 1679.555 1676.699 1673.403 1669.666 1665.141 1660.593 1657.201 1654.195 1651.224 1648.381 1646.059 1643.438 1640.656 1638.411 1636.054 1633.385 1630.436 1627.505 1624.775 1622.176 1619.271 1615.026 1610.555 1606.565 1602.647 1598.853 1595.426 1592.317 1589.32 1586.434 1583.649 1580.955 1578.324 1575.731 1573.159 1570.609 1568.101 1565.63 1563.169 1560.698 1558.207 1555.689 1553.145 1550.582
1711.804 1710.555 1709.263 1707.914 1706.484 1705.003 1703.492 1701.943 1700.329 1698.682 1697.265 1695.71 1694.061 1692.41 1690.927 1689.846 1688.414 1686.707 1684.742 1682.589 1680.389 1678.711 1676.277 1673.253 1669.726 1665.561 1661.347 1658.158 1655.237 1652.423 1650.001 1647.63 1644.971 1642.333 1640.068 1637.843 1635.227 1632.313 1629.403 1626.328 1623.275 1619.887 1615.668 1611.25 1607.529 1603.542 1599.431 1596.069 1592.934 1589.915 1587.01 1584.205 1581.483 1578.823 1576.199 1573.599 1571.034 1568.511 1566.028 1563.566 1561.092 1558.592 1556.057 1553.485 1550.894
1712.269 1711.037 1709.765 1708.42 1706.993 1705.509 1703.983 1702.402 1700.74 1698.98 1697.268 1695.615 1693.817 1691.96 1690.182 1689.02 1687.622 1685.982 1684.156 1682.169 1680.089 1678.178 1675.842 1673.048 1669.896 1666.468 1663.011 1660.047 1657.286 1654.427 1651.795 1649.347 1646.553 1643.954 1641.668 1639.431 1636.497 1633.325 1630.132 1626.98 1623.704 1620.077 1615.908 1611.688 1608.039 1603.745 1599.878 1596.639 1593.493 1590.456 1587.529 1584.702 1581.961 1579.438 1576.64 1574.032 1571.458 1568.918 1566.412 1563.928 1561.439 1558.927 1556.38 1553.799 1551.193
1712.749 1711.531 1710.26 1708.927 1707.501 1706.002 1704.442 1702.805 1701.067 1699.222 1697.491 1695.69 1693.775 1691.856 1690.034 1688.464 1686.885 1685.247 1683.589 1681.86 1679.999 1677.878 1675.517 1672.899 1670.125 1667.543 1664.71 1661.966 1659.234 1656.043 1652.986 1650.117 1647.438 1644.914 1642.521 1640.033 1637.084 1633.805 1630.387 1627.177 1623.762 1620.007 1615.621 1611.061 1607.004 1603.672 1600.375 1597.137 1593.987 1590.941 1588 1585.16 1582.408 1579.92 1577.08 1574.473 1571.889 1569.328 1566.798 1564.289 1561.782 1559.257 1556.698 1554.111 1551.505
1713.189 1712.019 1710.775 1709.438 1707.998 1706.47 1704.856 1703.14 1701.309 1699.785 1697.861 1695.811 1693.757 1691.796 1690.002 1688.189 1686.321 1684.399 1682.851 1681.339 1679.714 1677.462 1675.156 1672.819 1670.465 1668.673 1666.124 1663.307 1660.142 1656.841 1653.553 1650.386 1647.739 1645.222 1642.739 1640.129 1637.188 1633.933 1630.443 1627.12 1623.569 1619.699 1615.098 1610.714 1607.384 1604.069 1600.789 1597.566 1594.429 1591.388 1588.445 1585.598 1582.842 1580.162 1577.533 1574.93 1572.335 1569.75 1567.196 1564.667 1562.148 1559.618 1557.063 1554.483 1551.89
1713.652 1712.49 1711.25 1709.922 1708.703 1707.192 1705.453 1703.606 1701.778 1699.995 1697.926 1695.723 1693.575 1691.721 1689.905 1688.047 1686.131 1684.157 1682.104 1680.233 1678.528 1676.306 1674.322 1672.593 1671 1669.591 1666.765 1663.578 1660.283 1656.998 1653.656 1650.339 1647.516 1644.927 1642.345 1639.701 1636.74 1633.688 1630.333 1626.77 1622.915 1618.943 1614.301 1610.983 1607.666 1604.372 1601.119 1597.922 1594.806 1591.782 1588.853 1586.02 1583.281 1580.62 1578.007 1575.411 1572.812 1570.221 1567.654 1565.113 1562.588 1560.061 1557.518 1554.956 1552.403
1713.999 1712.899 1711.704 1710.375 1709.231 1707.843 1706.104 1704.175 1702.147 1700.035 1697.806 1695.612 1693.583 1691.631 1689.738 1687.835 1685.877 1683.861 1681.771 1679.578 1677.26 1674.837 1672.88 1671.485 1670.104 1668.805 1665.926 1662.69 1659.462 1656.021 1652.67 1649.461 1646.269 1643.295 1640.551 1637.93 1635.189 1632.673 1629.699 1625.774 1621.391 1617.791 1614.49 1611.176 1607.874 1604.604 1601.389 1598.23 1595.143 1592.147 1589.25 1586.447 1583.733 1581.095 1578.504 1575.926 1573.342 1570.755 1568.186 1565.645 1563.123 1560.608 1558.09 1555.571 1553.072
1714.322 1713.256 1712.084 1710.769 1709.907 1708.4 1706.583 1704.563 1702.38 1700.046 1697.904 1695.763 1693.632 1691.566 1689.565 1687.582 1685.572 1683.511 1681.382 1679.165 1676.847 1674.443 1671.992 1669.529 1667.446 1665.672 1663.24 1660.245 1657.146 1654.01 1651.201 1648.355 1645.5 1642.635 1639.743 1636.797 1633.778 1630.703 1627.76 1624.429 1621.207 1617.935 1614.633 1611.323 1608.033 1604.789 1601.612 1598.501 1595.461 1592.502 1589.638 1586.87 1584.195 1581.589 1579.023 1576.471 1573.915 1571.354 1568.8 1566.272 1563.767 1561.276 1558.794 1556.328 1553.898
1714.739 1713.667 1712.469 1711.13 1710.025 1708.574 1706.778 1704.747 1702.512 1700.217 1698.091 1695.912 1693.708 1691.545 1689.452 1687.393 1685.318 1683.195 1681.005 1678.742 1676.406 1674.015 1671.604 1669.2 1666.801 1664.378 1661.907 1659.37 1656.761 1654.069 1651.297 1648.489 1645.679 1642.852 1639.974 1637.024 1633.992 1630.889 1627.744 1624.565 1621.332 1618.055 1614.752 1611.449 1608.172 1604.951 1601.809 1598.742 1595.75 1592.839 1590.023 1587.309 1584.682 1582.113 1579.577 1577.054 1574.534 1572.013 1569.5 1567.008 1564.537 1562.087 1559.656 1557.255 1554.91
1715.046 1713.993 1712.825 1711.5 1710.02 1708.489 1706.683 1704.689 1702.501 1700.356 1698.208 1696.005 1693.76 1691.537 1689.378 1687.248 1685.097 1682.889 1680.613 1678.287 1675.931 1673.557 1671.188 1668.843 1666.505 1664.147 1661.747 1659.276 1656.724 1654.076 1651.341 1648.568 1645.791 1642.992 1640.129 1637.182 1634.145 1631.03 1627.868 1624.677 1621.44 1618.163 1614.866 1611.573 1608.316 1605.123 1602.016 1598.993 1596.052 1593.198 1590.443 1587.789 1585.216 1582.689 1580.188 1577.7 1575.222 1572.75 1570.29 1567.85 1565.429 1563.037 1560.671 1558.346 1556.09
1715.347 1714.309 1713.161 1711.865 1710.386 1708.698 1706.791 1704.725 1702.594 1700.44 1698.259 1696.033 1693.764 1691.506 1689.296 1687.097 1684.859 1682.556 1680.198 1677.813 1675.432 1673.074 1670.744 1668.449 1666.176 1663.882 1661.537 1659.125 1656.627 1654.023 1651.326 1648.582 1645.824 1643.042 1640.195 1637.259 1634.228 1631.115 1627.956 1624.768 1621.536 1618.268 1614.985 1611.715 1608.49 1605.336 1602.272 1599.297 1596.412 1593.618 1590.922 1588.329 1585.815 1583.337 1580.879 1578.437 1576.014 1573.602 1571.204 1568.828 1566.465 1564.13 1561.842 1559.609 1557.438
1715.751 1714.702 1713.526 1712.21 1710.727 1709.01 1707.052 1704.919 1702.708 1700.485 1698.254 1695.994 1693.703 1691.42 1689.162 1686.889 1684.564 1682.181 1679.761 1677.335 1674.934 1672.584 1670.29 1668.043 1665.821 1663.577 1661.284 1658.924 1656.465 1653.899 1651.244 1648.528 1645.779 1643.004 1640.173 1637.255 1634.241 1631.147 1628.009 1624.839 1621.624 1618.376 1615.119 1611.885 1608.709 1605.609 1602.598 1599.674 1596.84 1594.099 1591.463 1588.931 1586.471 1584.048 1581.643 1579.26 1576.908 1574.569 1572.239 1569.926 1567.623 1565.348 1563.124 1560.96 1559.119
