auxillary_inputs/dems/sew/initial_conditions/pg24f_7etch.txt
ncols         436
nrows         413
xllcorner     1121548.2005005
yllcorner     886503.6505127
cellsize      24
NODATA_value  -9999
[rows 261 to 289 of 413, columns 325 to 389 of 436]
1448.497 1445.151 1441.933 1438.844 1435.89 1433.096 1430.449 1427.942 1425.554 1423.27 1421.27 1419.848 1417.639 1415.473 1413.758 1412.357 1411.06 1410.002 1408.647 1407.068 1405.463 1403.911 1402.656 1401.376 1400.021 1398.327 1396.579 1395.207 1393.909 1392.696 1391.612 1390.685 1389.966 1390.025 1390.1 1390.001 1389.62 1389.106 1388.586 1388.479 1388.461 1388.462 1388.495 1388.59 1388.751 1388.815 1388.821 1388.809 1388.796 1388.788 1388.791 -9999 -9999 -9999 -9999 1388.916 1388.925 1388.936 1388.947 1388.953 1388.949 1388.952 1388.964 1388.984 1389.006
1449.762 1446.399 1443.155 1440.032 1437.036 1434.188 1431.532 1429.002 1426.585 1424.271 1422.072 1420.02 1418.57 1417.062 1415.383 1413.638 1411.88 1410.212 1408.965 1407.587 1406.134 1404.629 1403.134 1401.6 1400.014 1398.52 1397.06 1395.664 1394.321 1393.048 1391.914 1390.975 1390.315 1390 1390 1390 1389.698 1389.347 1389.025 1388.969 1388.964 1388.975 1389.012 1389.11 1389.316 1389.414 1389.432 1389.425 1389.414 1389.407 -9999 -9999 -9999 -9999 -9999 -9999 -9999 1389.46 1389.469 1389.459 1389.409 1389.387 1389.402 1389.455 1389.525
1451.089 1447.683 1444.388 1441.217 1438.178 1435.301 1432.611 1430.035 1427.576 1425.229 1423.006 1420.938 1419.291 1418.474 1416.854 1414.91 1412.942 1411.169 1409.818 1408.282 1406.752 1405.127 1403.454 1401.979 1400.47 1398.951 1397.461 1396.035 1394.68 1393.388 1392.215 1391.252 1390.598 1390.161 1390.002 1390 1389.761 1389.601 1389.486 1389.355 1389.356 1389.411 1389.51 1389.64 1389.848 1389.926 1389.936 1389.931 1389.933 1389.941 -9999 -9999 -9999 -9999 -9999 -9999 -9999 1389.931 1389.931 1389.899 1389.781 1389.734 1389.748 1389.993 1390.001
1452.414 1448.932 1445.597 1442.385 1439.301 1436.377 1433.627 1431.022 1428.53 1426.148 1423.892 1421.795 1419.998 1419.773 1418.025 1415.941 1413.86 1411.915 1410.225 1408.954 1407.355 1405.566 1403.984 1402.445 1400.879 1399.318 1397.808 1396.376 1395.023 1393.773 1392.655 1391.723 1391.042 1390.827 1390.588 1390.338 1390.063 1390 1389.99 1389.708 1389.716 1389.99 1389.999 1390.048 1390.229 1390.319 1390.342 1390.355 1390.392 -9999 -9999 -9999 -9999 -9999 -9999 -9999 -9999 1390.292 1390.25 1390.168 1390.031 1390 1390.005 1390.249 1390.346
1453.743 1450.184 1446.806 1443.549 1440.417 1437.436 1434.62 1431.982 1429.449 1427.033 1424.758 1422.65 1420.737 1419.985 1418.428 1416.519 1414.563 1412.693 1411.099 1409.797 1407.928 1406.026 1404.461 1402.86 1401.237 1399.631 1398.111 1396.701 1395.38 1394.168 1393.099 1392.206 1391.663 1391.733 1391.448 1391.125 1390.802 1390.618 1390.395 1390.017 1390.016 1390.333 1390.486 1390.516 1390.593 1390.668 1390.687 1390.705 -9999 -9999 -9999 -9999 -9999 -9999 -9999 -9999 -9999 -9999 -9999 1390.447 1390.476 1390.461 1390.464 1390.582 1390.655
1455.08 1451.482 1448.041 1444.726 1441.542 1438.508 1435.638 1432.936 1430.335 1427.873 1425.569 1423.431 1421.458 1419.991 1418.463 1416.773 1415.003 1413.171 1411.519 1409.987 1408.155 1406.534 1404.916 1403.253 1401.576 1399.951 1398.424 1397.02 1395.749 1394.614 1393.616 1392.763 1392.712 1392.735 1392.489 1392.185 1391.864 1391.575 1391.26 1390.935 1390.852 1390.993 1391.111 1391.159 1391.152 1391.114 1391.063 1391.018 -9999 -9999 -9999 -9999 -9999 -9999 -9999 -9999 -9999 -9999 -9999 -9999 -9999 1390.94 1390.928 1390.96 1390.976
1456.421 1452.778 1449.265 1445.91 1442.674 1439.583 1436.646 1433.865 1431.216 1428.709 1426.355 1424.161 1422.128 1420.235 1418.518 1416.904 1415.172 1413.375 1411.791 1410.239 1408.674 1407.067 1405.399 1403.673 1401.953 1400.309 1398.771 1397.36 1396.085 1394.978 1394.041 1393.806 1393.817 1393.842 1393.671 1393.425 1393.131 1392.807 1392.453 1392.121 1391.937 1391.903 1391.913 1391.911 1391.885 1391.841 1391.787 -9999 -9999 -9999 -9999 -9999 -9999 -9999 -9999 -9999 -9999 -9999 -9999 -9999 -9999 -9999 -9999 1391.352 1391.312
1457.78 1454.089 1450.529 1447.118 1443.818 1440.666 1437.661 1434.807 1432.111 1429.558 1427.154 1424.901 1422.806 1420.864 1419.051 1417.317 1415.644 1414.025 1412.444 1410.881 1409.312 1407.684 1405.972 1404.192 1402.409 1400.737 1399.176 1397.757 1396.478 1395.375 1394.937 1394.9 1394.973 1395.048 1394.958 1394.786 1394.539 1394.217 1393.827 1393.438 1393.139 1392.955 1392.843 1392.763 1392.691 1392.621 1392.55 1392.48 -9999 -9999 -9999 -9999 -9999 -9999 -9999 -9999 -9999 -9999 -9999 -9999 -9999 -9999 -9999 -9999 1391.657
1459.106 1455.387 1451.785 1448.302 1444.969 1441.773 1438.712 1435.791 1433.048 1430.44 1427.981 1425.681 1423.538 1421.543 1419.716 1417.975 1416.311 1414.703 1413.129 1411.567 1410.018 1408.414 1406.672 1404.84 1403.011 1401.325 1399.716 1398.251 1396.967 1396.087 1395.939 1395.997 1396.158 1396.313 1396.303 1396.207 1396.023 1395.719 1395.274 1394.793 1394.375 1394.064 1393.844 1393.684 1393.559 1393.452 1393.355 1393.265 -9999 -9999 -9999 -9999 -9999 -9999 -9999 -9999 -9999 -9999 -9999 -9999 -9999 -9999 -9999 -9999 -9999
1460.439 1456.695 1453.041 1449.511 1446.17 1442.95 1439.846 1436.874 1434.067 1431.401 1428.891 1426.541 1424.357 1422.338 1420.476 1418.701 1417.039 1415.444 1413.908 1412.378 1410.828 1409.493 1407.522 1405.679 1403.837 1402.063 1400.397 1398.875 1397.54 1396.925 1396.885 1397.052 1397.33 1397.588 1397.64 1397.61 1397.504 1397.236 1396.701 1396.1 1395.573 1395.166 1394.866 1394.644 1394.472 1394.328 1394.202 1394.085 1393.977 -9999 -9999 -9999 -9999 -9999 -9999 -9999 -9999 -9999 -9999 -9999 -9999 -9999 -9999 -9999 -9999
1461.819 1458.046 1454.357 1450.796 1447.453 1444.206 1441.051 1438.014 1435.129 1432.43 1429.882 1427.489 1425.254 1423.191 1421.286 1419.498 1417.833 1416.257 1414.776 1413.282 1411.741 1410.158 1408.52 1406.626 1404.765 1402.901 1401.142 1399.577 1398.229 1397.694 1397.737 1398.01 1398.432 1398.82 1398.894 1398.902 1398.879 1398.685 1397.99 1397.264 1396.67 1396.221 1395.885 1395.628 1395.422 1395.246 1395.088 1394.942 1394.804 1394.672 -9999 -9999 -9999 -9999 -9999 -9999 -9999 -9999 -9999 -9999 -9999 -9999 -9999 -9999 -9999
1463.177 1459.4 1455.721 1452.161 1448.769 1445.495 1442.294 1439.213 1436.282 1433.531 1430.942 1428.516 1426.236 1424.122 1422.176 1420.409 1418.759 1417.216 1415.775 1414.294 1412.758 1411.155 1409.788 1408.43 1406.791 1404.29 1402.045 1400.387 1398.946 1398.403 1398.445 1398.783 1399.379 1399.954 1400.016 1400.016 1400.006 1399.893 1398.956 1398.197 1397.643 1397.229 1396.906 1396.64 1396.412 1396.207 1396.017 1395.837 1395.665 1395.5 -9999 -9999 -9999 -9999 -9999 -9999 -9999 -9999 -9999 -9999 -9999 -9999 -9999 -9999 -9999
1464.518 1460.76 1457.088 1453.513 1450.069 1446.741 1443.532 1440.433 1437.46 1434.641 1432.035 1429.602 1427.287 1425.131 1423.147 1421.404 1419.778 1418.271 1416.861 1415.412 1413.903 1412.322 1411.257 1410.178 1408.908 1405.998 1403.027 1401.234 1399.715 1398.9 1398.932 1399.252 1399.963 1400.667 1401.052 1401.098 1400.778 1400.074 1399.37 1398.931 1398.574 1398.259 1397.971 1397.705 1397.455 1397.218 1396.99 1396.771 1396.56 1396.355 -9999 -9999 -9999 -9999 -9999 -9999 -9999 -9999 -9999 -9999 -9999 -9999 -9999 -9999 -9999
1465.848 1462.093 1458.406 1454.831 1451.364 1448.009 1444.777 1441.652 1438.653 1435.808 1433.165 1430.734 1428.391 1426.219 1424.233 1422.459 1420.848 1419.744 1418.487 1416.878 1415.288 1413.929 1412.879 1411.77 1410.113 1407.402 1404.141 1402.223 1400.584 1399.195 1399.321 1399.479 1400.137 1401.432 1402.321 1402.544 1402.11 1401.193 1400.225 1399.978 1399.72 1399.44 1399.148 1398.856 1398.568 1398.286 1398.013 1397.747 1397.49 1397.241 -9999 -9999 -9999 -9999 -9999 -9999 -9999 -9999 -9999 -9999 -9999 -9999 -9999 -9999 -9999
1467.119 1463.388 1459.706 1456.122 1452.638 1449.26 1445.994 1442.864 1439.851 1436.989 1434.31 1431.822 1429.493 1427.326 1425.339 1423.544 1421.949 1420.969 1419.791 1418.25 1416.824 1415.595 1414.501 1413.299 1411.557 1409.076 1405.619 1403.405 1401.622 1400.14 1399.967 1400.083 1401.311 1402.989 1404.245 1404.618 1404.157 1403.205 1402.225 1401.665 1401.237 1400.849 1400.475 1400.111 1399.757 1399.413 1399.081 1398.76 1398.451 -9999 -9999 -9999 -9999 -9999 -9999 -9999 -9999 -9999 -9999 -9999 -9999 -9999 -9999 -9999 -9999
1468.36 1464.645 1460.956 1457.354 1453.876 1450.488 1447.212 1444.07 1441.044 1438.169 1435.461 1432.942 1430.612 1428.442 1426.448 1424.648 1423.056 1421.825 1420.204 1419.1 1418.057 1417.122 1416.273 1414.892 1412.936 1410.358 1407.357 1404.678 1402.815 1401.202 1399.998 1401.063 1403.008 1405.164 1406.763 1407.188 1406.623 1405.589 1404.515 1403.675 1403.006 1402.438 1401.928 1401.456 1401.012 1400.591 1400.19 1399.805 -9999 -9999 -9999 -9999 -9999 -9999 -9999 -9999 -9999 -9999 -9999 -9999 -9999 -9999 -9999 -9999 -9999
1469.52 1465.799 1462.135 1458.558 1455.087 1451.683 1448.391 1445.226 1442.216 1439.336 1436.608 1434.059 1431.703 1429.548 1427.546 1425.743 1424.129 1422.638 1421.215 1419.913 1419.125 1418.519 1418.026 1416.51 1414.354 1411.808 1409.118 1406.051 1404.162 1402.445 1401.099 1402.514 1405.073 1407.597 1409.45 1409.786 1409.037 1407.909 1406.739 1405.712 1404.843 1404.098 1403.443 1402.852 1402.309 1401.802 1401.325 -9999 -9999 -9999 -9999 -9999 -9999 -9999 -9999 -9999 -9999 -9999 -9999 -9999 -9999 -9999 -9999 -9999 -9999
1470.584 1466.87 1463.244 1459.692 1456.22 1452.835 1449.554 1446.397 1443.384 1440.497 1437.757 1435.185 1432.812 1430.638 1428.61 1426.791 1425.164 1423.683 1422.265 1420.918 1419.992 1419.977 1419.693 1417.85 1415.446 1412.723 1409.907 1407.477 1405.623 1403.973 1403.361 1405.055 1407.458 1409.75 1411.18 1411.483 1410.884 1409.85 1408.695 1407.593 1406.603 1405.729 1404.951 1404.252 1403.614 1403.023 1402.471 -9999 -9999 -9999 -9999 -9999 -9999 -9999 -9999 -9999 -9999 -9999 -9999 -9999 -9999 -9999 -9999 -9999 -9999
1471.594 1467.904 1464.315 1460.781 1457.311 1453.957 1450.689 1447.524 1444.487 1441.615 1438.877 1436.288 1433.874 1431.653 1429.64 1427.82 1426.201 1424.745 1423.346 1422.014 1420.934 1420.627 1419.982 1418.426 1416.17 1413.414 1410.837 1408.973 1407.233 1405.947 1406.464 1407.811 1409.758 1411.45 1412.512 1412.759 1412.299 1411.411 1410.34 1409.247 1408.211 1407.262 1406.401 1405.616 1404.897 1404.231 1403.611 1403.029 -9999 -9999 -9999 -9999 -9999 -9999 -9999 -9999 -9999 -9999 -9999 -9999 -9999 -9999 -9999 -9999 -9999
1472.593 1468.943 1465.374 1461.854 1458.398 1455.047 1451.778 1448.61 1445.571 1442.697 1439.948 1437.345 1434.897 1432.63 1430.641 1428.82 1427.213 1425.758 1424.378 1423.074 1421.889 1421.145 1420.117 1418.942 1417.009 1414.425 1412.329 1410.573 1408.967 1408.346 1409.303 1410.217 1411.637 1412.891 1413.664 1413.831 1413.448 1412.684 1411.714 1410.673 1409.644 1408.668 1407.759 1406.916 1406.136 1405.409 1404.73 -9999 -9999 -9999 -9999 -9999 -9999 -9999 -9999 -9999 -9999 -9999 -9999 -9999 -9999 -9999 -9999 -9999 -9999
1473.56 1469.919 1466.349 1462.851 1459.413 1456.055 1452.806 1449.637 1446.586 1443.687 1440.944 1438.338 1435.877 1433.594 1431.548 1429.744 1428.143 1426.68 1425.318 1424.053 1422.947 1422.023 1421.024 1419.943 1418.216 1415.713 1413.843 1412.213 1410.78 1410.261 1411.299 1412.295 1413.363 1414.245 1414.754 1414.81 1414.446 1413.762 1412.881 1411.908 1410.913 1409.941 1409.014 1408.14 1407.317 1406.545 -9999 -9999 -9999 -9999 -9999 -9999 -9999 -9999 -9999 -9999 -9999 -9999 -9999 -9999 -9999 -9999 -9999 -9999 -9999
1474.429 1470.818 1467.263 1463.797 1460.378 1457.034 1453.793 1450.616 1447.554 1444.63 1441.884 1439.261 1436.785 1434.494 1432.427 1430.612 1429.001 1427.545 1426.21 1425.04 1424.007 1422.968 1421.957 1420.91 1419.55 1417.26 1415.419 1413.985 1412.709 1412.748 1413.511 1414.317 1415.044 1415.581 1415.83 1415.749 1415.356 1414.714 1413.901 1412.991 1412.042 1411.094 1410.17 1409.283 1408.436 1407.632 -9999 -9999 -9999 -9999 -9999 -9999 -9999 -9999 -9999 -9999 -9999 -9999 -9999 -9999 -9999 -9999 -9999 -9999 -9999
1475.213 1471.657 1468.146 1464.699 1461.285 1457.944 1454.695 1451.536 1448.48 1445.552 1442.778 1440.113 1437.609 1435.309 1433.223 1431.372 1429.768 1428.344 1427.134 1426.041 1424.993 1423.789 1422.645 1421.494 1420.131 1418.54 1417.006 1415.78 1415.175 1415.366 1415.852 1416.347 1416.692 1416.89 1416.883 1416.652 1416.207 1415.579 1414.815 1413.961 1413.061 1412.145 1411.237 1410.351 1409.493 1408.669 -9999 -9999 -9999 -9999 -9999 -9999 -9999 -9999 -9999 -9999 -9999 -9999 -9999 -9999 -9999 -9999 -9999 -9999 -9999
1475.933 1472.435 1468.95 1465.506 1462.122 1458.801 1455.555 1452.416 1449.349 1446.392 1443.573 1440.897 1438.386 1436.07 1433.974 1432.112 1430.5 1429.117 1428.002 1426.848 1425.68 1424.478 1423.281 1422.154 1421.055 1419.896 1418.599 1417.793 1417.717 1417.853 1418.099 1418.279 1418.207 1418.105 1417.87 1417.5 1417 1416.379 1415.653 1414.85 1413.996 1413.117 1412.231 1411.353 1410.493 1409.657 -9999 -9999 -9999 -9999 -9999 -9999 -9999 -9999 -9999 -9999 -9999 -9999 -9999 -9999 -9999 -9999 -9999 -9999 -9999
1476.615 1473.156 1469.686 1466.253 1462.914 1459.631 1456.413 1453.275 1450.179 1447.184 1444.325 1441.645 1439.134 1436.805 1434.693 1432.817 1431.195 1429.92 1428.699 1427.47 1426.302 1425.172 1424.044 1423.036 1422.076 1421.091 1420.151 1419.918 1419.923 1419.957 1419.979 1419.902 1419.397 1419.138 1418.734 1418.267 1417.737 1417.13 1416.442 1415.684 1414.872 1414.027 1413.165 1412.3 1411.442 -9999 -9999 -9999 -9999 -9999 -9999 -9999 -9999 -9999 -9999 -9999 -9999 -9999 -9999 -9999 -9999 -9999 -9999 -9999 -9999
1477.214 1473.781 1470.358 1466.978 1463.673 1460.416 1457.206 1454.049 1450.951 1447.935 1445.048 1442.365 1439.84 1437.48 1435.333 1433.433 1431.798 1430.41 1429.203 1428.094 1427.044 1426.035 1425.054 1424.135 1423.252 1422.429 1421.774 1421.54 1421.465 1421.366 1421.153 1420.738 1420.068 1419.964 1419.445 1418.947 1418.43 1417.853 1417.203 1416.485 1415.71 1414.895 1414.054 1413.202 -9999 -9999 -9999 -9999 -9999 -9999 -9999 -9999 -9999 -9999 -9999 -9999 -9999 -9999 -9999 -9999 -9999 -9999 -9999 -9999 -9999
1477.749 1474.333 1470.956 1467.624 1464.346 1461.128 1457.925 1454.759 1451.675 1448.661 1445.769 1443.047 1440.478 1438.085 1435.913 1434.001 1432.377 1431.036 1429.917 1428.887 1427.922 1427.092 1426.211 1425.319 1424.48 1423.746 1423.192 1422.884 1422.687 1422.46 1422.115 1421.608 1421.002 1420.599 1420.023 1419.594 1419.125 1418.583 1417.964 1417.275 1416.527 1415.734 1414.91 -9999 -9999 -9999 -9999 -9999 -9999 -9999 -9999 -9999 -9999 -9999 -9999 -9999 -9999 -9999 -9999 -9999 -9999 -9999 -9999 -9999 -9999
1478.243 1474.845 1471.515 1468.221 1464.973 1461.778 1458.58 1455.427 1452.343 1449.326 1446.42 1443.654 1441.073 1438.661 1436.468 1434.552 1432.948 1431.643 1430.608 1429.641 1428.927 1428.241 1427.373 1426.478 1425.652 1424.952 1424.414 1424.04 1423.744 1423.428 1423.024 1422.511 1421.942 1421.424 1420.871 1420.391 1419.9 1419.355 1418.744 1418.068 -9999 -9999 -9999 -9999 -9999 -9999 -9999 -9999 -9999 -9999 -9999 -9999 -9999 -9999 -9999 -9999 -9999 -9999 -9999 -9999 -9999 -9999 -9999 -9999 -9999
1478.724 1475.345 1472.05 1468.773 1465.529 1462.327 1459.139 1455.996 1452.918 1449.924 1447.026 1444.252 1441.646 1439.215 1437.015 1435.1 1433.503 1432.218 1431.181 1430.251 1429.947 1429.291 1428.397 1427.496 1426.686 1426.007 1425.471 1425.057 1424.704 1424.343 1423.921 1423.425 1422.883 1422.34 1421.791 1421.268 1420.738 1420.169 1419.547 -9999 -9999 -9999 -9999 -9999 -9999 -9999 -9999 -9999 -9999 -9999 -9999 -9999 -9999 -9999 -9999 -9999 -9999 -9999 -9999 -9999 -9999 -9999 -9999 -9999 -9999
