auxillary_inputs/dems/sew/initial_conditions/pg24f_randetch.txt
ncols         436
nrows         413
xllcorner     1121548.2005005
yllcorner     886503.6505127
cellsize      24
NODATA_value  -9999
[rows 116 to 144 of 413, columns 325 to 389 of 436]
1385.205 1384.74 1384.181 1383.302 1382.904 1382.566 1382.202 1382.04 1381.703 1381.812 1380.876 1380.543 1380.445 1380.099 1379.198 1379.016 1378.996 1378.738 1378.366 1378.139 1378.094 1377.871 1377.75 1378.048 1377.771 1378.08 1378.01 1377.984 1377.994 1378.017 1377.824 1376.839 1376.023 1375.151 1374.156 1372.921 1371.879 1371.196 1369.886 1368.935 1368.66 1367.872 1367.327 1366.378 1365.688 1365.253 1365.087 1365.263 1365.65 1366.502 1367.253 1368.327 1369.279 1369.99 1374.601 1378.532 1381.431 1382.813 1384.057 1384.339 1384.022 1384.035 -9999 -9999 -9999
1386.197 1385.589 1385.199 1384.589 1384.124 1383.591 1383.365 1382.986 1382.775 1382.575 1382.045 1381.573 1381.072 1380.633 1380.13 1379.682 1379.579 1379.261 1379.056 1378.84 1378.483 1378.499 1378.272 1378.595 1378.583 1378.726 1379.131 1379.047 1379.352 1379.124 1378.857 1378.322 1377.431 1376.238 1374.943 1373.034 1371.499 1370.139 1369.365 1369.002 1368.544 1367.85 1367.251 1366.654 1365.724 1365.092 1365.146 1365.27 1366.036 1366.581 1367.711 1368.283 1369.029 1369.904 1374.559 1378.712 1381.476 1382.85 1383.645 1384.329 1384.218 -9999 -9999 -9999 -9999
1387.153 1386.968 1386.319 1385.691 1385.29 1384.831 1384.314 1384.018 1383.444 1383.256 1382.947 1382.494 1381.879 1381.222 1380.876 1380.407 1379.826 1379.938 1379.479 1379.197 1379.2 1378.967 1378.93 1379.056 1379.049 1379.509 1379.864 1379.918 1379.895 1380.139 1379.83 1379.519 1378.521 1377.222 1375.391 1373.146 1370.546 1369.784 1369.202 1369.151 1368.632 1367.96 1367.304 1366.563 1365.724 1365.254 1365.284 1365.634 1366.166 1366.689 1367.537 1368.436 1369.094 1369.901 1374.27 1378.431 1381.002 1382.53 1383.681 1383.905 1384.254 1384.344 -9999 -9999 -9999
1388.163 1387.779 1387.318 1386.559 1386.453 1386.048 1385.564 1385.256 1384.683 1384.584 1383.69 1383.164 1382.694 1382.07 1381.515 1381.014 1380.132 1379.735 1379.998 1379.578 1379.362 1379.614 1379.23 1379.235 1379.598 1379.923 1379.963 1380.338 1380.59 1380.623 1380.797 1380.072 1379.036 1377.941 1375.853 1373.036 1370.463 1369.759 1369.522 1368.873 1368.491 1367.867 1366.89 1366.618 1365.829 1365.569 1365.364 1365.391 1365.963 1366.652 1367.75 1368.337 1369.265 1369.749 1374.325 1378.166 1380.502 1382.153 1383.037 1383.784 1383.874 1384.08 1384.267 1384.298 -9999
1388.884 1388.429 1388.33 1387.976 1387.387 1387.182 1386.851 1386.47 1385.563 1385.259 1384.796 1384.152 1383.442 1382.914 1382.291 1381.813 1380.669 1380.089 1379.992 1379.56 1379.744 1379.65 1379.614 1379.522 1379.848 1380.073 1380.526 1380.649 1381.037 1380.772 1380.83 1380.435 1379.578 1378.07 1375.987 1373.098 1370.296 1369.407 1369.033 1368.807 1368.266 1367.813 1367.074 1366.328 1365.602 1365.541 1365.364 1365.529 1366.207 1367.116 1367.713 1368.651 1369.227 1370.082 1373.992 1377.398 1379.771 1381.181 1381.965 1382.807 1383.275 1383.66 1384.026 1384.217 1384.273
1389.608 1389.306 1389.034 1388.975 1388.523 1388.027 1387.826 1387.313 1386.705 1386.247 1385.907 1385.079 1384.339 1383.796 1383.006 1382.106 1381.837 1381.109 1380.251 1379.584 1379.591 1379.591 1379.608 1379.691 1379.776 1380.105 1380.422 1380.649 1380.943 1381.207 1381.13 1380.888 1379.316 1378.028 1375.501 1372.502 1370.226 1369.709 1369.068 1368.451 1368.061 1367.08 1366.614 1366.212 1365.75 1365.364 1365.488 1366.24 1366.501 1367.215 1368.217 1368.823 1369.586 1369.801 1373.815 1376.507 1378.453 1379.75 1380.986 1381.408 1381.999 1382.561 1383.035 1383.624 1383.826
1390.119 1389.954 1389.742 1389.549 1389.1 1388.81 1388.411 1388.252 1387.862 1387.411 1386.782 1386.202 1385.508 1384.829 1383.866 1383.052 1382.368 1381.362 1380.581 1380.128 1379.8 1379.591 1379.591 1379.66 1379.875 1379.808 1380.309 1380.728 1381.112 1381.317 1380.644 1380.012 1378.933 1377.13 1374.079 1370.748 1370.071 1369.327 1368.81 1368.023 1367.532 1367.025 1366.256 1365.716 1365.849 1365.611 1365.769 1366.489 1366.829 1367.549 1368.242 1368.947 1369.623 1370.095 1373.284 1375.424 1377.036 1378.052 1379.125 1379.888 1380.651 1381.352 1382.139 1382.819 1383.143
1391.01 1390.662 1390.241 1389.935 1389.896 1389.498 1389.334 1388.722 1388.756 1388.337 1387.779 1386.988 1386.236 1385.332 1384.708 1383.701 1382.847 1381.987 1381.323 1380.722 1379.709 1379.813 1379.659 1379.591 1379.695 1379.933 1380.337 1380.507 1380.654 1380.54 1379.933 1379.117 1377.529 1375.24 1371.769 1370.855 1370.241 1369.358 1368.593 1367.831 1366.937 1366.747 1365.807 1365.822 1365.629 1365.876 1366.089 1366.834 1367.548 1367.638 1368.54 1369.165 1369.274 1370.055 1372.51 1374.414 1375.219 1376.188 1376.787 1377.968 1379.253 1380.159 1381.051 1381.617 1382.237
1391.794 1391.356 1390.994 1390.797 1390.516 1390.242 1389.698 1389.428 1389.47 1389.146 1388.543 1387.811 1387.148 1385.803 1385.106 1384.42 1383.673 1382.731 1381.986 1381.035 1379.937 1379.925 1379.685 1379.836 1379.618 1379.711 1379.994 1379.955 1380.118 1379.25 1378.559 1377.609 1375.807 1372.499 1371.231 1370.332 1369.939 1369.064 1368.268 1367.547 1366.739 1366.247 1365.807 1365.925 1365.865 1366.201 1366.678 1367.357 1367.717 1368.519 1368.855 1369.136 1369.616 1370.071 1372.043 1372.63 1373.331 1374.09 1374.734 1375.672 1377.23 1378.795 1379.963 1380.683 1381.323
1392.835 1392.024 1391.89 1391.641 1391.338 1390.697 1390.677 1390.161 1390.094 1389.888 1389.023 1388.62 1387.881 1386.916 1385.867 1384.864 1384.165 1383.002 1382.263 1381.295 1380.677 1380.116 1379.621 1379.765 1379.695 1379.723 1379.438 1379.32 1378.829 1378.226 1377.043 1374.966 1372.645 1371.669 1371.125 1370.563 1369.619 1368.776 1368.285 1367.239 1366.647 1366.352 1366.202 1366.102 1366.661 1366.896 1367.507 1368.147 1368.715 1369.007 1369.478 1369.58 1369.656 1370.175 1371.32 1371.738 1371.62 1371.905 1372.289 1374.027 1375.712 1377.03 1378.533 1379.376 1379.914
1393.549 1393.229 1392.87 1392.068 1392.107 1391.473 1391.094 1390.692 1390.451 1390.069 1389.765 1388.92 1388.068 1387.202 1386.548 1385.617 1384.527 1383.562 1382.768 1381.821 1380.896 1380.152 1379.708 1379.465 1379.427 1379.305 1379.359 1378.906 1377.985 1376.497 1374.599 1373.331 1372.72 1371.697 1371.036 1369.99 1369.624 1368.956 1367.943 1367.271 1366.704 1366.251 1366.29 1366.802 1367.065 1367.475 1367.812 1368.583 1368.924 1369.246 1369.634 1369.571 1369.728 1370.16 1371.038 1370.885 1370.588 1370.961 1371.353 1372.738 1374.574 1375.963 1377.529 1378.153 1378.33
1394.381 1394.065 1393.544 1393.009 1392.578 1392.099 1391.668 1391.456 1390.886 1390.394 1390.281 1389.286 1388.748 1387.965 1386.905 1386.131 1385.238 1383.984 1383.104 1381.887 1380.819 1380.164 1379.381 1379.381 1379.272 1379.401 1379.052 1378.262 1376.873 1374.9 1373.995 1373.326 1372.459 1371.567 1370.908 1370.064 1369.086 1368.59 1367.908 1367.18 1366.716 1366.419 1366.658 1367.015 1367.461 1368.326 1368.234 1368.94 1369.378 1369.543 1369.583 1369.807 1370.051 1369.756 1370.23 1370.511 1370.564 1370.945 1371.221 1372.099 1373.92 1375.266 1376.37 1376.66 1376.852
1395.452 1394.637 1393.968 1393.838 1393.175 1392.889 1392.559 1391.834 1391.094 1390.529 1390.179 1389.516 1388.95 1388.329 1387.466 1386.583 1385.612 1384.161 1383.453 1382.297 1381.474 1380.545 1379.531 1379.45 1379.337 1378.855 1378.449 1377.612 1376.122 1374.706 1373.892 1373.181 1372.489 1371.568 1370.456 1369.563 1368.937 1368.535 1367.53 1367.264 1366.804 1366.974 1367.159 1367.076 1367.84 1368.195 1368.837 1369.028 1369.537 1369.829 1369.671 1369.765 1369.523 1369.62 1369.871 1370.362 1370.712 1370.802 1371.29 1371.782 1373.539 1374.825 1375.497 1375.543 1375.517
1396.211 1395.645 1394.83 1394.445 1393.868 1393.597 1392.555 1392.277 1391.597 1390.908 1390.517 1390.049 1389.573 1388.826 1388.26 1387.062 1385.893 1384.886 1383.636 1382.767 1381.831 1380.599 1379.99 1379.358 1379.216 1378.801 1378.091 1376.969 1375.591 1374.677 1373.869 1372.951 1371.875 1370.819 1370.264 1369.512 1368.757 1368.436 1367.873 1367.43 1367.042 1367.149 1367.094 1367.444 1367.916 1368.41 1368.676 1369.134 1369.466 1369.509 1369.711 1369.501 1369.539 1369.511 1369.991 1370.064 1370.46 1370.827 1371.521 1371.856 1373.284 1374.384 1374.002 1374.259 1374.025
1396.815 1396.493 1395.687 1395.003 1394.742 1393.989 1393.357 1392.331 1392.164 1391.404 1391.122 1390.436 1389.985 1389.619 1388.728 1387.752 1386.502 1385.224 1384.031 1383.124 1382.018 1380.692 1380.025 1379.275 1378.888 1378.026 1377.409 1376.142 1375.506 1374.472 1373.962 1372.95 1371.714 1370.745 1370.093 1369.223 1368.856 1368.078 1367.753 1367.869 1367.696 1367.515 1367.18 1367.205 1367.502 1367.78 1368.344 1368.844 1368.907 1369.227 1369.087 1369.074 1369.162 1369.203 1369.532 1369.906 1370.233 1370.988 1371.47 1372.196 1372.437 1372.94 1373.534 1374.017 1374.122
1397.337 1396.706 1396.43 1395.517 1395.249 1394.471 1393.706 1393.146 1392.682 1391.953 1391.623 1390.738 1390.319 1389.889 1389.088 1388.1 1387.186 1385.845 1384.636 1383.42 1381.897 1381.019 1380.066 1379.265 1378.658 1377.988 1377.078 1376.414 1375.576 1374.676 1373.904 1372.635 1371.5 1370.666 1369.843 1369.564 1368.957 1368.745 1368.433 1368.38 1367.973 1367.734 1367.192 1367.186 1367.368 1367.959 1368.379 1368.357 1368.577 1368.513 1368.467 1368.495 1368.919 1368.658 1369.334 1369.41 1369.999 1370.706 1371.482 1371.96 1372.721 1373.144 1373.489 1373.814 1374.326
1397.646 1397.425 1396.736 1396.164 1395.57 1394.849 1394.165 1393.754 1392.95 1392.325 1391.912 1391.183 1390.499 1389.957 1389.277 1388.329 1387.384 1386.223 1384.904 1383.529 1382.303 1381.193 1379.769 1379.473 1378.873 1377.8 1377.34 1376.428 1375.735 1374.736 1373.634 1372.441 1371.638 1370.573 1369.905 1369.369 1369.283 1369.049 1368.961 1369.071 1368.99 1368.751 1367.967 1367.582 1367.381 1367.557 1367.877 1367.91 1368.475 1368.216 1368.263 1368.097 1368.256 1368.462 1368.618 1369.019 1369.773 1370.458 1371.273 1371.667 1372.375 1373.332 1373.557 1374.067 1374.61
1398.62 1397.991 1397.361 1396.868 1396.062 1395.102 1394.707 1393.862 1393.613 1392.746 1391.978 1391.267 1390.573 1390.044 1389.331 1388.67 1387.602 1386.486 1385.402 1383.79 1382.829 1381.375 1380.695 1379.587 1378.511 1377.894 1377.073 1376.515 1375.625 1374.588 1373.502 1372.719 1371.385 1370.528 1370.009 1370.006 1369.946 1369.967 1369.909 1369.851 1369.454 1369.484 1368.511 1368.226 1367.586 1367.793 1367.852 1367.874 1367.845 1367.845 1367.845 1367.845 1367.981 1367.981 1368.195 1368.815 1369.382 1369.889 1370.607 1371.742 1372.174 1373.198 1373.785 1374.162 1374.772
1398.943 1398.222 1397.941 1397.377 1396.728 1395.647 1395.193 1394.419 1393.648 1393.132 1392.152 1391.703 1391.15 1389.964 1389.507 1388.483 1387.737 1386.712 1385.514 1384.537 1383.506 1382.062 1380.756 1380.119 1378.953 1378.118 1377.4 1376.488 1375.802 1374.675 1373.685 1372.473 1371.195 1370.574 1370.129 1370.375 1370.468 1370.78 1370.846 1370.875 1370.131 1369.744 1368.915 1368.522 1367.911 1367.775 1367.845 1367.845 1367.845 1367.845 1367.845 1367.898 1368.04 1368.069 1368.612 1368.563 1369.461 1369.943 1370.522 1371.004 1371.979 1373.227 1373.716 1374.501 1375.03
1399.503 1398.95 1398.157 1397.683 1397.04 1396.165 1395.448 1395.013 1393.904 1393.153 1392.443 1391.825 1390.886 1390.187 1389.122 1388.443 1387.971 1386.967 1386.051 1385.141 1383.844 1382.535 1381.239 1379.96 1378.956 1378.115 1377.475 1376.734 1375.586 1374.753 1373.546 1372.557 1371.508 1370.591 1370.666 1370.768 1371.18 1371.602 1371.6 1371.536 1370.979 1370.496 1369.748 1369.163 1368.432 1368.166 1368.165 1367.903 1368.188 1367.845 1368.053 1368.081 1368.425 1368.418 1368.654 1369.003 1369.35 1369.979 1370.384 1371.187 1372.208 1372.982 1373.855 1374.867 1375.255
1399.945 1399.504 1398.848 1398.135 1397.362 1396.474 1396.045 1395.075 1394.108 1393.125 1392.706 1391.845 1390.875 1390.198 1389.068 1388.813 1387.92 1387.027 1386.03 1385.104 1384.124 1383.084 1381.633 1380.248 1379.145 1378.335 1377.397 1376.545 1375.857 1374.605 1373.198 1372.063 1371.657 1371.052 1371.033 1371.229 1371.783 1372.129 1372.121 1371.939 1371.594 1371.055 1370.26 1369.766 1369.19 1368.779 1368.614 1368.469 1368.758 1368.883 1368.786 1368.923 1369.133 1369.381 1369.452 1369.593 1369.927 1369.951 1370.455 1371.207 1372.05 1372.902 1373.656 1374.861 1375.72
1399.991 1399.564 1399.047 1398.491 1397.93 1397.121 1395.889 1395.212 1394.38 1393.685 1392.788 1391.97 1390.552 1389.901 1389.46 1388.612 1387.673 1386.803 1386.287 1385.123 1384.292 1383.057 1381.696 1380.167 1379.157 1378.557 1377.554 1376.731 1375.274 1374.156 1373.186 1372.518 1371.684 1371.432 1371.749 1371.978 1372.037 1372.415 1372.569 1372.364 1372.367 1371.597 1370.975 1370.231 1370.015 1369.52 1369.368 1369.366 1369.71 1369.311 1369.786 1369.934 1370.297 1370.422 1370.543 1370.261 1370.328 1370.225 1370.253 1371.227 1372.316 1373.134 1374.172 1375.16 1375.693
1399.997 1399.806 1399.265 1398.577 1397.999 1397.448 1396.33 1395.282 1394.699 1393.77 1392.9 1391.917 1391.135 1390.029 1389.34 1388.521 1387.71 1387.014 1386.313 1385.579 1384.673 1383.49 1382.126 1379.977 1379.194 1378.717 1377.683 1376.608 1375.637 1374.192 1373.209 1372.494 1372.031 1372.23 1372.15 1372.509 1372.863 1373.198 1372.807 1372.643 1372.374 1372.073 1371.509 1370.613 1370.703 1370.392 1369.943 1370.32 1370.398 1370.691 1370.914 1370.898 1371.233 1371.163 1370.948 1370.83 1370.59 1370.891 1370.871 1371.282 1372.376 1373.244 1374.029 1375.148 1375.925
1400.22 1400.045 1399.46 1399.04 1398.25 1397.453 1396.48 1395.832 1394.807 1394.015 1393.114 1392.043 1391.091 1389.972 1389.143 1388.217 1387.664 1386.849 1386.339 1385.411 1384.826 1384.154 1382.302 1380.559 1379.634 1378.731 1377.587 1376.838 1375.539 1374.665 1373.189 1372.436 1372.495 1372.336 1372.79 1373.226 1373.453 1373.51 1373.474 1372.99 1372.876 1372.371 1372.165 1371.894 1371.5 1371.237 1371.124 1370.946 1371.371 1371.498 1371.728 1371.734 1371.561 1371.389 1371.446 1371.19 1370.73 1371.163 1371.357 1371.882 1372.704 1373.437 1374.421 1375.172 1375.867
1400.573 1399.967 1399.875 1399.189 1398.264 1397.582 1396.677 1395.833 1394.834 1394.158 1393.274 1391.936 1391.063 1390.059 1388.897 1388.22 1387.634 1386.856 1386.527 1385.897 1385.118 1384.45 1383.29 1381.537 1379.883 1378.727 1377.829 1376.632 1375.8 1374.481 1373.545 1372.794 1372.787 1373.096 1373.319 1373.768 1373.707 1373.718 1373.606 1373.37 1373.074 1372.585 1372.323 1372.239 1372.2 1371.888 1371.798 1371.549 1372.012 1372.085 1372.254 1372.071 1372.186 1371.643 1371.141 1370.997 1371.067 1371.26 1371.516 1372.265 1373.055 1374.038 1374.223 1375.391 1375.913
1401.088 1400.323 1399.823 1399.606 1398.702 1397.904 1396.88 1395.852 1395.133 1394.171 1392.968 1392.124 1391.166 1389.975 1388.993 1388.27 1387.429 1386.913 1386.443 1386.127 1385.606 1384.706 1384.124 1382.225 1379.887 1379.137 1378.056 1377.17 1376.105 1374.667 1373.762 1373.093 1372.95 1373.352 1373.363 1373.866 1374.134 1374.01 1373.83 1373.706 1373.39 1373.081 1372.776 1372.647 1372.503 1372.608 1372.428 1372.586 1372.219 1372.378 1372.237 1372.004 1372.196 1371.808 1371.351 1371.168 1371.181 1371.408 1372.09 1372.878 1373.389 1374.367 1374.73 1375.575 1376.056
1401.068 1400.512 1399.902 1399.418 1399.001 1398.199 1397.344 1396.127 1395.406 1394.213 1393.189 1392.264 1391.028 1389.955 1388.98 1387.899 1387.347 1386.708 1386.22 1385.736 1385.787 1385.658 1384.643 1382.974 1380.117 1379.587 1378.382 1377.262 1376.043 1374.933 1373.912 1373.478 1373.308 1373.495 1374.118 1374.206 1374.422 1374.402 1374.126 1373.711 1373.531 1373.341 1373.154 1373.116 1373.128 1372.945 1372.987 1372.782 1372.639 1372.325 1372.334 1372.222 1371.688 1371.672 1371.364 1371.168 1371.38 1372.062 1372.523 1373.477 1374.029 1374.833 1375.466 1375.749 1376.431
1401.38 1400.872 1400.06 1399.662 1399.199 1398.257 1397.466 1396.223 1395.258 1394.081 1393.176 1392.091 1391.46 1390.025 1388.941 1388.058 1386.845 1386.622 1386.24 1386.149 1386.38 1385.786 1385.039 1383.927 1380.422 1379.303 1378.345 1377.197 1376.238 1375.257 1374.216 1373.505 1373.369 1373.308 1373.629 1374.387 1374.474 1374.74 1374.29 1374.406 1374.146 1373.826 1373.779 1373.43 1373.715 1373.295 1373.205 1372.82 1373.114 1372.827 1372.392 1371.843 1371.611 1371.373 1371.263 1371.356 1371.658 1372.537 1373.393 1374.171 1375.043 1375.309 1375.779 1376.235 1376.813
1401.821 1400.764 1400.81 1399.801 1399.083 1398.343 1397.33 1396.459 1395.192 1394.136 1393.068 1392.147 1390.923 1389.665 1388.984 1387.89 1386.721 1386.216 1385.92 1385.732 1386.043 1386.026 1385.62 1384.56 1381.476 1379.771 1378.655 1377.653 1376.258 1375.241 1374.141 1373.626 1373.325 1373.704 1373.956 1374.458 1374.56 1374.713 1375.29 1375.989 1375.962 1375.881 1375.33 1375.202 1374.215 1373.696 1373.38 1373.551 1373.276 1372.909 1372.313 1372.142 1371.579 1371.328 1371.263 1371.525 1372.105 1372.903 1373.588 1374.563 1374.989 1376.026 1376.428 1376.576 1377.143
