auxillary_inputs/dems/sew/initial_conditions/pg24f_randetch.txt
ncols         436
nrows         413
xllcorner     1121548.2005005
yllcorner     886503.6505127
cellsize      24
NODATA_value  -9999
[rows 290 to 318 of 413, columns 0 to 64 of 436]
-9999 -9999 -9999 -9999 -9999 -9999 -9999 -9999 -9999 -9999 -9999 -9999 -9999 -9999 1861.983 1861.194 1860.782 1859.585 1858.712 1856.936 1854.816 1851.914 1848.362 1844.295 1839.154 1834.599 1831.58 1828.089 1824.526 1821.945 1818.837 1815.928 1813.296 1811 1808.908 1806.762 1805.96 1805.212 1804.73 1803.718 1803.384 1802.449 1802.276 1801.471 1800.686 1800.059 1798.874 1797.933 1796.392 1794.922 1793.743 1792.216 1790.713 1789.788 1789.123 1788.27 1787.63 1786.635 1785.933 1785.231 1784.219 1783.445 1782.989 1782.231 1781.47
-9999 -9999 -9999 -9999 -9999 -9999 -9999 -9999 -9999 -9999 -9999 -9999 -9999 -9999 1861.994 1861.653 1860.913 1860.053 1859.27 1857.749 1855.701 1853.366 1850.339 1846.334 1841.468 1836.51 1833.172 1829.804 1826.412 1823.236 1820.431 1817.562 1814.946 1812.121 1810.022 1808.034 1806.444 1805.992 1805.267 1804.329 1803.575 1803.302 1802.696 1802.017 1800.985 1800.047 1798.731 1797.295 1796.051 1794.348 1792.274 1791.414 1790.754 1790.159 1789.185 1788.356 1787.795 1786.836 1786.188 1785.12 1784.504 1783.944 1783.434 1783.082 1782.544
-9999 -9999 -9999 -9999 -9999 -9999 -9999 -9999 -9999 -9999 -9999 -9999 -9999 -9999 1861.626 1861.15 1860.533 1860.154 1859.176 1857.763 1856.281 1854.457 1851.941 1848.62 1844.032 1838.86 1834.656 1831.627 1828.53 1825.133 1822.199 1819.051 1816.438 1813.689 1811.115 1809.138 1807.569 1806.721 1805.97 1804.98 1804.471 1803.941 1803.232 1802.289 1801.286 1799.994 1798.276 1796.496 1794.091 1793.35 1792.645 1791.817 1791.165 1790.033 1789.486 1788.745 1788.276 1787.385 1786.397 1786.02 1785.348 1784.933 1784.729 1783.994 1783.384
-9999 -9999 -9999 -9999 -9999 -9999 -9999 -9999 -9999 -9999 -9999 -9999 -9999 -9999 1861.268 1860.644 1860.468 1859.673 1858.888 1857.993 1856.642 1854.864 1852.379 1849.799 1845.79 1841.478 1836.971 1833.348 1830.016 1826.717 1823.414 1820.595 1817.549 1815.264 1812.528 1810.201 1808.448 1807.362 1806.455 1805.755 1804.794 1804.521 1803.64 1802.631 1801.53 1799.793 1797.721 1795.511 1794.759 1793.753 1793.207 1792.244 1791.419 1790.577 1789.797 1788.898 1788.557 1787.905 1787.583 1787.153 1786.466 1786.111 1785.573 1785.105 1784.529
-9999 -9999 -9999 -9999 -9999 -9999 -9999 -9999 -9999 -9999 -9999 -9999 -9999 -9999 1860.396 1860.178 1859.717 1858.917 1858.514 1857.273 1855.987 1855.15 1852.558 1850.414 1847.383 1843.459 1839.189 1835.042 1831.552 1828.214 1825.245 1821.889 1819.241 1816.361 1813.705 1811.497 1809.464 1807.722 1806.939 1806.246 1805.278 1804.493 1803.602 1802.674 1801.664 1799.852 1797.337 1795.981 1795.008 1794.608 1793.599 1792.831 1792.122 1791.251 1790.528 1790.058 1789.464 1788.841 1788.162 1787.895 1787.634 1787.352 1786.802 1786.304 1785.608
-9999 -9999 -9999 -9999 -9999 -9999 -9999 -9999 -9999 -9999 -9999 -9999 -9999 -9999 1859.641 1859.221 1858.848 1858.309 1857.649 1856.746 1855.765 1854.287 1852.696 1850.61 1848.275 1844.513 1840.91 1837.258 1833.204 1829.701 1826.404 1823.702 1820.427 1817.734 1815.097 1812.68 1810.693 1808.74 1807.535 1806.618 1805.719 1804.999 1803.77 1802.569 1801.355 1799.66 1797.847 1796.834 1796.072 1795.273 1794.072 1793.39 1792.889 1792.243 1791.795 1790.901 1790.563 1790.323 1789.633 1789.218 1788.827 1788.341 1787.732 1787.257 1786.689
-9999 -9999 -9999 -9999 -9999 -9999 -9999 -9999 -9999 -9999 -9999 -9999 -9999 -9999 1858.531 1858.253 1857.836 1857.411 1856.824 1855.694 1854.892 1853.717 1851.947 1850.12 1847.839 1845.085 1842.07 1838.969 1835.108 1830.941 1827.447 1824.633 1821.727 1818.607 1816.209 1813.709 1811.848 1809.633 1808.314 1806.929 1806.073 1804.899 1803.555 1802.378 1800.643 1799.359 1798.697 1797.847 1796.942 1795.548 1794.995 1794.224 1793.867 1793.387 1792.876 1792.195 1791.609 1791.46 1790.768 1790.342 1790.088 1789.275 1788.818 1788.249 1787.881
-9999 -9999 -9999 -9999 -9999 -9999 -9999 -9999 -9999 -9999 -9999 -9999 1858.343 1858.261 1857.758 1857.287 1856.916 1856.403 1855.64 1854.824 1853.733 1852.298 1851.382 1849.67 1847.672 1845.135 1842.688 1840.228 1836.274 1832.5 1828.875 1825.491 1822.793 1820.13 1817.133 1814.974 1812.516 1810.744 1808.751 1807.197 1805.825 1804.729 1803.123 1802.142 1801.027 1800.239 1799.38 1798.573 1797.389 1796.398 1795.849 1795.166 1794.79 1794.7 1794.064 1793.364 1793.116 1792.366 1792.139 1791.494 1790.995 1790.568 1790.067 1789.745 1789.213
-9999 -9999 -9999 -9999 -9999 -9999 -9999 -9999 -9999 -9999 -9999 -9999 1857.448 1856.904 1856.905 1856.345 1855.571 1855.08 1854.432 1853.799 1852.943 1851.558 1850.314 1848.866 1847.231 1845.194 1842.79 1840.041 1836.757 1833.467 1829.533 1826.692 1823.872 1821.001 1818.25 1815.918 1813.343 1811.384 1809.698 1808.004 1806.598 1805.302 1804.139 1803.022 1802.035 1801.094 1800.124 1799.241 1798.476 1797.584 1796.733 1796.463 1796.127 1795.769 1795.134 1794.53 1793.862 1793.579 1793.162 1792.504 1792.256 1791.818 1791.296 1790.776 1790.22
-9999 -9999 -9999 -9999 -9999 -9999 -9999 -9999 -9999 -9999 -9999 -9999 1856.068 1855.681 1855.195 1854.948 1854.384 1854.129 1853.504 1852.594 1851.796 1850.804 1849.78 1848.274 1846.835 1844.776 1842.479 1840.078 1837.182 1833.726 1830.259 1827.516 1824.581 1821.686 1819.226 1816.957 1814.951 1812.621 1810.779 1808.767 1807.611 1805.87 1804.812 1803.847 1802.825 1801.522 1800.65 1799.795 1799.204 1798.755 1798.067 1797.578 1797.478 1796.808 1796.223 1795.802 1795.249 1795.246 1794.703 1794.132 1793.417 1792.921 1792.449 1792.124 1792.284
-9999 -9999 -9999 -9999 -9999 -9999 -9999 -9999 -9999 -9999 -9999 -9999 1855.09 1854.74 1854.242 1853.597 1853.207 1852.602 1852.295 1851.573 1851.077 1850.02 1848.805 1847.485 1845.818 1844.068 1842.156 1839.951 1837.236 1834.28 1830.897 1827.993 1825.303 1822.531 1820.175 1817.801 1815.586 1813.329 1811.677 1809.769 1808.343 1807.004 1805.73 1804.412 1803.582 1802.348 1801.618 1801.066 1800.05 1799.464 1799.293 1798.7 1798.356 1797.907 1797.272 1796.831 1796.797 1796.731 1796.438 1795.911 1795.045 1794.692 1794.423 1794.51 1794.116
-9999 -9999 -9999 -9999 -9999 -9999 -9999 -9999 -9999 -9999 -9999 -9999 1853.852 1853.515 1853.064 1852.455 1852.149 1851.95 1851.531 1850.691 1849.986 1849.153 1848.041 1846.553 1844.914 1842.852 1841.063 1839.499 1837.141 1834.589 1831.908 1828.891 1826.027 1823.35 1821.084 1818.62 1816.374 1814.417 1812.642 1811.027 1809.534 1807.937 1806.7 1805.462 1804.123 1803.16 1802.87 1801.938 1801.331 1800.391 1800.387 1799.87 1799.606 1799.021 1798.507 1798.083 1798.105 1797.807 1797.633 1797.111 1796.775 1796.558 1796.53 1796.455 1795.951
-9999 -9999 -9999 -9999 -9999 -9999 -9999 -9999 -9999 -9999 -9999 1853.196 1852.849 1852.417 1852.024 1851.652 1851.119 1850.853 1850.775 1850.134 1849.807 1848.704 1847.144 1845.641 1843.949 1842.204 1840.299 1838.575 1836.58 1834.293 1831.951 1829.985 1826.599 1824.034 1821.615 1819.389 1817.343 1815.493 1813.619 1812.164 1810.381 1809.312 1807.82 1806.209 1805.16 1804.523 1803.895 1803.411 1802.575 1801.954 1801.475 1801.098 1800.39 1800.049 1799.771 1799.221 1798.862 1798.882 1798.875 1798.546 1798.606 1798.452 1798.466 1798.051 1797.683
-9999 -9999 -9999 -9999 -9999 -9999 -9999 -9999 -9999 -9999 1852.765 1852.124 1852.05 1851.572 1851.151 1850.582 1850.396 1850.053 1850.243 1849.32 1848.539 1847.389 1845.574 1844.498 1842.995 1841.25 1839.684 1837.68 1835.584 1834.012 1831.938 1830.08 1827.354 1824.522 1822.318 1820.322 1818.123 1816.281 1814.519 1812.87 1811.282 1809.957 1808.203 1807.262 1806.167 1805.412 1805.034 1804.371 1803.678 1803.114 1802.593 1802.202 1801.768 1801.293 1800.972 1800.416 1800.203 1799.884 1799.969 1799.58 1800.124 1799.917 1799.934 1799.732 1799.178
-9999 -9999 -9999 -9999 -9999 -9999 -9999 -9999 -9999 -9999 1851.58 1851.446 1851.089 1850.811 1850.212 1849.921 1849.454 1848.684 1848.582 1847.938 1847.3 1845.878 1844.661 1843.418 1842.081 1840.369 1838.845 1837.071 1835.483 1833.333 1831.454 1829.607 1827.29 1825.144 1823.017 1820.844 1819.16 1817.388 1815.568 1814.006 1812.092 1810.567 1809.368 1808.31 1807.289 1806.616 1806.018 1805.416 1804.732 1804.505 1803.501 1803.343 1802.862 1802.347 1801.898 1801.985 1801.531 1801.485 1801.416 1801.46 1801.711 1801.576 1801.185 1800.839 1800.082
-9999 -9999 -9999 -9999 -9999 -9999 -9999 -9999 -9999 1851.739 1851.058 1850.815 1850.412 1850.198 1849.338 1848.829 1848.501 1847.784 1847.241 1846.461 1845.602 1844.533 1843.489 1842.096 1840.981 1839.421 1838.37 1836.448 1834.88 1833.058 1831.131 1829.253 1827.67 1825.539 1823.454 1821.75 1819.742 1817.927 1816.276 1814.534 1813.411 1811.537 1810.165 1809.289 1808.275 1807.46 1807.072 1806.772 1805.856 1805.587 1804.999 1804.609 1804.2 1804.252 1803.687 1803.492 1803.305 1803.15 1803.016 1802.949 1802.916 1802.92 1802.917 1802.642 1801.964
-9999 -9999 -9999 -9999 -9999 -9999 -9999 -9999 -9999 1850.761 1850.523 1849.747 1849.983 1850.018 1849.015 1847.563 1847.188 1846.495 1845.734 1845.149 1843.978 1843.3 1842.162 1841.316 1840.282 1838.782 1837.7 1836.05 1834.557 1832.808 1831.291 1829.472 1827.679 1825.805 1823.945 1822.093 1820.34 1818.52 1817.068 1815.43 1813.702 1812.485 1811.346 1810.228 1809.595 1808.694 1808.404 1807.65 1807.209 1806.858 1806.439 1806.196 1805.517 1805.619 1805.297 1804.993 1804.728 1804.315 1804.49 1804.469 1804.658 1804.608 1804.534 1804.333 1803.998
-9999 -9999 -9999 -9999 -9999 -9999 -9999 -9999 1850.23 1850.003 1850.185 1849.344 1849.027 1848.859 1847.922 1846.728 1845.799 1845.118 1844.459 1843.684 1843.051 1841.86 1841.201 1840.362 1839.122 1837.89 1837.031 1835.44 1834.198 1832.734 1831.478 1829.823 1828.343 1826.396 1824.972 1823.092 1821.004 1819.379 1817.707 1816.527 1815.089 1813.605 1812.207 1811.492 1810.521 1809.97 1809.473 1808.969 1808.501 1808.064 1807.641 1807.342 1807.36 1806.864 1806.706 1806.979 1806.344 1806.668 1806.622 1806.604 1806.181 1806.519 1806.334 1806.157 1805.963
-9999 -9999 -9999 -9999 -9999 -9999 -9999 -9999 1849.756 1849.397 1848.982 1848.914 1847.782 1847.482 1846.58 1845.632 1844.763 1843.907 1843.199 1842.329 1841.833 1841.029 1839.989 1839.973 1838.379 1837.351 1836.053 1835.13 1834.093 1832.729 1831.38 1829.961 1828.243 1826.822 1825.268 1823.477 1821.841 1820.31 1818.655 1817.006 1815.733 1814.471 1813.72 1812.858 1812.142 1811.395 1810.717 1810.436 1809.975 1809.223 1809.072 1809.026 1808.981 1808.752 1808.548 1808.402 1808.313 1808.6 1808.475 1808.755 1808.562 1808.262 1808.634 1808.363 1808.079
-9999 -9999 -9999 -9999 -9999 -9999 -9999 -9999 1849.435 1848.686 1848.251 1847.5 1847.134 1846.324 1845.447 1844.463 1843.344 1842.712 1842.075 1841.478 1840.847 1840.077 1839.448 1838.704 1837.88 1836.916 1835.841 1834.989 1833.983 1832.795 1831.476 1830.275 1828.817 1827.408 1825.863 1824.188 1822.884 1821.128 1819.77 1818.205 1817.029 1815.851 1814.92 1814.093 1813.648 1812.867 1812.349 1811.855 1811.639 1811.003 1810.533 1810.704 1810.682 1810.378 1810.393 1810.233 1810.343 1810.26 1810.52 1810.403 1810.448 1810.463 1810.432 1810.171 1810.293
-9999 -9999 -9999 -9999 -9999 -9999 -9999 1849.553 1848.55 1848.117 1847.37 1846.688 1845.999 1845.337 1844.475 1843.6 1842.759 1841.822 1841.15 1840.515 1839.835 1839.576 1838.631 1837.739 1837.364 1836.267 1835.733 1834.587 1833.782 1832.757 1831.62 1830.356 1829.263 1828.182 1826.415 1825.16 1823.533 1822.025 1820.544 1819.387 1818.105 1817.394 1816.456 1815.526 1814.868 1814.228 1813.858 1813.226 1812.846 1812.593 1812.768 1812.649 1812.343 1812.563 1812.253 1812.651 1812.521 1812.11 1812.505 1812.5 1812.331 1812.221 1812.373 1812.277 1812.273
-9999 -9999 -9999 -9999 -9999 -9999 -9999 1849.104 1848.341 1847.287 1846.556 1845.845 1845.142 1844.515 1843.528 1842.922 1841.962 1840.832 1840.397 1839.854 1839.395 1838.733 1837.94 1837.322 1836.763 1835.993 1835.134 1834.454 1833.601 1832.9 1831.514 1830.494 1829.777 1828.253 1826.91 1825.955 1824.165 1822.817 1821.695 1820.61 1819.651 1818.77 1817.626 1817.224 1816.582 1815.977 1815.691 1815.176 1814.861 1814.382 1814.429 1814.607 1814.501 1814.258 1814.407 1814.639 1814.354 1814.475 1814.565 1814.618 1814.279 1814.291 1814.443 1814.014 1814.251
-9999 -9999 -9999 -9999 -9999 -9999 1849.131 1848.268 1847.593 1846.587 1845.748 1845.087 1843.924 1843.45 1842.657 1841.909 1841.58 1840.378 1839.931 1839.361 1838.947 1838.536 1837.935 1836.885 1836.122 1835.518 1835.076 1834.368 1833.681 1832.735 1831.799 1830.81 1829.931 1828.544 1827.725 1826.477 1825.148 1823.79 1822.925 1821.878 1820.959 1820.149 1819.321 1818.91 1817.915 1817.628 1817.104 1816.711 1816.216 1816.173 1816.012 1816.35 1816.647 1816.374 1816.2 1816.323 1816.27 1816.275 1816.506 1816.249 1816.1 1816.389 1816.307 1816.325 1816.142
-9999 -9999 -9999 -9999 -9999 -9999 1848.957 1847.785 1847.026 1846.047 1845.266 1844.492 1843.293 1842.76 1841.535 1840.866 1840.619 1839.93 1839.288 1838.993 1838.211 1837.643 1837.182 1836.588 1835.768 1835.517 1834.826 1834.154 1833.482 1832.622 1831.744 1831.097 1830.233 1829.444 1828.34 1827.003 1826.119 1824.892 1824.138 1823.067 1822.332 1821.576 1821.166 1820.532 1819.644 1819.33 1818.905 1818.276 1818.225 1818.115 1817.796 1818.309 1818.539 1818.268 1818.356 1818.354 1818.371 1818.477 1818.505 1818.236 1818.275 1818.219 1818.221 1818.509 1818.532
-9999 -9999 -9999 -9999 -9999 -9999 1848.6 1847.148 1846.43 1845.407 1844.848 1843.74 1842.711 1841.898 1840.928 1840.388 1840.069 1839.317 1838.961 1838.611 1837.984 1837.329 1836.79 1836.18 1835.857 1834.846 1834.464 1833.731 1833.306 1832.765 1832.052 1831.414 1830.348 1829.907 1828.876 1828.297 1827.22 1826.362 1825.628 1824.619 1824.042 1823.154 1822.52 1821.89 1821.336 1820.885 1820.481 1820.351 1820.074 1820.042 1819.84 1819.825 1820.22 1820.096 1820.431 1820.277 1820.282 1820.425 1820.451 1820.487 1820.398 1820.478 1820.422 1820.67 1820.392
-9999 -9999 -9999 -9999 -9999 1848.993 1848.065 1847.203 1845.97 1845.049 1844.121 1843.065 1842.03 1841.516 1840.639 1839.924 1839.574 1839.28 1838.86 1838.01 1837.769 1836.677 1836.542 1835.845 1835.533 1834.835 1834.323 1833.531 1833.1 1832.834 1831.877 1831.521 1830.931 1830.108 1829.536 1828.853 1828.132 1827.16 1826.969 1826.154 1825.582 1825.102 1824.073 1823.683 1822.944 1823.009 1822.426 1822.275 1821.792 1821.903 1821.749 1821.968 1822.236 1822.512 1822.608 1822.357 1822.759 1822.582 1822.551 1822.485 1822.512 1822.441 1822.602 1822.202 1822.251
-9999 -9999 -9999 -9999 -9999 1848.62 1847.657 1846.902 1845.713 1844.715 1843.684 1842.764 1841.722 1840.887 1840.11 1839.564 1839.303 1839.116 1838.217 1837.939 1837.561 1836.713 1836.007 1835.53 1835.219 1834.774 1834.172 1833.419 1833.263 1832.41 1832.119 1831.552 1831.085 1830.331 1829.904 1829.639 1829.053 1828.614 1828.02 1827.736 1826.885 1826.314 1825.609 1825.444 1824.836 1824.794 1824.125 1824.036 1823.767 1823.659 1823.599 1823.872 1824.274 1825.019 1825.028 1825.149 1825.284 1825.263 1825.1 1824.737 1825.117 1824.964 1824.891 1824.716 1824.917
-9999 -9999 -9999 -9999 -9999 1848.389 1847.175 1846.604 1845.225 1844.364 1843.114 1842.13 1841.126 1840.648 1839.949 1839.286 1838.829 1838.522 1838.066 1837.577 1836.827 1836.452 1836.013 1835.602 1835.068 1834.404 1834.063 1833.575 1833.177 1832.82 1832.223 1831.589 1831.486 1830.71 1830.45 1830.495 1829.93 1829.298 1829.132 1828.662 1828.32 1827.372 1827.155 1826.888 1826.551 1826.091 1826.005 1825.964 1825.892 1825.698 1825.654 1826.103 1826.404 1827.373 1827.816 1827.853 1827.66 1827.593 1827.287 1827.251 1827.899 1827.612 1827.729 1827.302 1826.671
-9999 -9999 -9999 -9999 1849.025 1848.145 1846.97 1846.369 1844.993 1844.134 1842.778 1841.821 1841.104 1840.454 1839.595 1839.166 1839.015 1838.296 1837.821 1837.264 1836.905 1836.173 1835.933 1835.114 1834.8 1834.197 1833.941 1833.464 1832.967 1832.564 1832.088 1831.891 1831.665 1830.966 1830.805 1830.394 1830.2 1830.15 1830.11 1829.604 1829.319 1828.698 1828.446 1828.077 1828.157 1827.787 1827.748 1827.534 1827.369 1827.72 1827.656 1828.018 1828.93 1829.697 1830.151 1829.841 1829.931 1829.598 1828.991 1828.93 1829.791 1829.782 1830.087 1829.699 1828.754
