auxillary_inputs/dems/sew/initial_conditions/pg24f_3pt5etch.txt
ncols         436
nrows         413
xllcorner     1121548.2005005
yllcorner     886503.6505127
cellsize      24
NODATA_value  -9999
[rows 319 to 347 of 413, columns 130 to 194 of 436]
1742.666 1742.196 1741.793 1741.427 1741.069 1740.726 1740.374 1739.983 1739.561 1739.092 1738.628 1738.195 1737.818 1737.511 1737.495 1737.577 1737.649 1737.642 1737.442 1736.87 1736.496 1736.272 1736.222 1736.222 1736.166 1735.91 1735.345 1734.603 1733.856 1733.661 1733.569 1733.567 1733.648 1733.964 1734.466 1735.234 1736.241 1737.309 1738.382 1740.368 1741.898 1742.715 1743.206 1743.699 1744.799 1746.01 1747.35 1748.828 1750.511 1752.37 1754.331 1756.86 1759.535 1761.049 1762.256 1763.222 1764.018 1764.716 1765.362 1765.978 1766.574 -9999 -9999 -9999 -9999
1745.726 1745.239 1744.81 1744.414 1744.024 1743.657 1743.282 1742.863 1742.413 1741.916 1741.431 1740.955 1740.521 1740.139 1740.004 1739.991 1739.994 1739.953 1739.688 1738.794 1738.572 1738.283 1738.111 1738.141 1738.119 1737.873 1737.203 1736.491 1735.834 1735.658 1735.567 1735.564 1735.68 1736.005 1736.496 1737.255 1738.244 1739.345 1740.475 1742.304 1744.262 1745.467 1746.442 1746.847 1747.013 1748.082 1749.253 1750.516 1751.981 1753.637 1755.415 1757.75 1759.934 1761.423 1762.578 1763.517 1764.307 1765.003 1765.639 1766.238 -9999 -9999 -9999 -9999 -9999
1748.857 1748.351 1747.888 1747.453 1747.035 1746.643 1746.245 1745.807 1745.34 1744.832 1744.322 1743.8 1743.299 1742.84 1742.524 1742.265 1742.043 1741.773 1741.251 1740.927 1740.655 1740.342 1740.014 1740.026 1740.001 1739.767 1738.877 1738.278 1737.907 1737.754 1737.673 1737.682 1737.808 1738.11 1738.586 1739.319 1740.285 1741.405 1742.578 1744.023 1746.26 1747.786 1749.353 1749.866 1749.931 1750.181 1751.188 1752.28 1753.517 1754.927 1756.55 1758.673 1760.156 1761.571 1762.71 1763.648 1764.449 1765.157 1765.802 -9999 -9999 -9999 -9999 -9999 -9999
1752.038 1751.514 1751.018 1750.542 1750.1 1749.686 1749.266 1748.815 1748.335 1747.814 1747.278 1746.714 1746.227 1745.614 1745.106 1744.635 1744.214 1743.842 1743.488 1743.128 1742.794 1742.444 1742.08 1741.958 1741.719 1741.193 1740.556 1740.281 1740.078 1739.96 1739.908 1739.917 1740.04 1740.298 1740.744 1741.438 1742.387 1743.519 1744.732 1746.108 1748.387 1750.072 1751.454 1752.132 1752.381 1752.602 1753.093 1754.013 1755.043 1756.212 1757.931 1759.764 1760.787 1761.818 1762.798 1763.692 1764.496 1765.222 1765.883 1766.495 -9999 -9999 -9999 -9999 -9999
1755.264 1754.713 1754.184 1753.677 1753.219 1752.783 1752.352 1751.892 1751.393 1750.854 1750.29 1749.852 1749.371 1748.453 1747.846 1747.262 1746.727 1746.253 1745.821 1745.404 1745.004 1744.609 1744.245 1743.989 1743.62 1743.039 1742.718 1742.485 1742.423 1742.401 1742.193 1742.215 1742.338 1742.568 1742.984 1743.625 1744.532 1745.656 1746.909 1748.317 1750.445 1752.195 1753.455 1754.183 1754.595 1755.003 1755.504 1756.044 1756.636 1757.523 1758.723 1759.999 1760.952 1761.875 1762.794 1763.675 1764.494 1765.242 1765.924 1766.549 -9999 -9999 -9999 -9999 -9999
1758.522 1757.956 1757.414 1756.896 1756.426 1755.975 1755.521 1755.042 1754.512 1753.949 1753.35 1752.876 1752.033 1751.35 1750.664 1749.971 1749.332 1748.76 1748.242 1747.763 1747.326 1746.854 1746.414 1746.072 1745.665 1745.214 1744.909 1744.702 1744.75 1744.949 1744.641 1744.511 1744.621 1744.847 1745.247 1745.835 1746.698 1747.805 1749.077 1750.367 1752.379 1754.259 1755.471 1756.074 1756.594 1757.152 1757.784 1758.095 1758.162 1758.662 1759.374 1760.219 1761.099 1761.955 1762.748 1763.653 1764.498 1765.269 1765.966 1766.6 -9999 -9999 -9999 -9999 -9999
1761.796 1761.227 1760.68 1760.164 1759.682 1759.5 1759.292 1758.74 1757.666 1757.082 1756.631 1756.012 1755.067 1754.329 1753.56 1752.776 1752.043 1751.376 1750.771 1750.215 1749.691 1749.182 1748.71 1748.258 1747.844 1747.455 1747.139 1746.93 1746.911 1747.416 1747.432 1746.861 1746.89 1747.117 1747.474 1748.04 1748.872 1749.951 1751.22 1752.507 1754.182 1756.29 1757.604 1758.122 1758.447 1758.956 1759.782 1759.895 1759.416 1759.86 1760.357 1761 1761.713 1762.468 1763.186 1763.849 1764.579 1765.357 1766.054 1766.681 1767.252 -9999 -9999 -9999 -9999
1765.087 1764.515 1763.971 1763.457 1763.354 1763.148 1762.623 1761.762 1760.842 1760.248 1759.896 1759.3 1758.172 1757.383 1756.551 1755.701 1754.879 1754.112 1753.409 1752.765 1752.164 1751.595 1751.082 1750.604 1750.166 1749.76 1749.43 1749.203 1749.076 1749.722 1750.025 1749.884 1749.172 1749.398 1749.712 1750.242 1751.038 1752.076 1753.311 1754.588 1755.997 1758.255 1759.701 1760.02 1760.062 1760.254 1761.004 1761.211 1760.816 1761.117 1761.49 1761.967 1762.554 1763.176 1763.814 1764.339 1764.875 1765.556 1766.224 1766.822 1767.365 1767.867 -9999 -9999 -9999
1768.395 1767.828 1767.286 1766.771 1766.73 1766.376 1765.569 1764.662 1764.075 1763.468 1763.075 1762.382 1761.336 1760.506 1759.623 1758.72 1757.824 1756.968 1756.168 1755.43 1754.752 1754.125 1753.552 1753.026 1752.551 1752.126 1751.796 1751.554 1751.409 1751.569 1752.173 1752.057 1751.435 1751.634 1751.941 1752.464 1753.228 1754.219 1755.382 1756.619 1757.976 1760.034 1761.313 1761.802 1761.99 1762.195 1762.583 1762.666 1762.241 1762.467 1762.75 1763.107 1763.594 1764.08 1764.616 1765.052 1765.466 1765.896 1766.499 1767.039 1767.531 1767.99 -9999 -9999 -9999
1771.737 1771.175 1770.633 1770.109 1769.925 1769.471 1768.518 1767.949 1767.358 1766.748 1766.456 1765.933 1764.818 1763.708 1762.779 1761.831 1760.869 1759.938 1759.052 1758.218 1757.455 1756.759 1756.122 1755.542 1755.038 1754.6 1754.253 1754.003 1753.843 1753.933 1754.567 1754.506 1753.755 1753.898 1754.197 1754.703 1755.43 1756.368 1757.46 1758.63 1760.194 1761.894 1762.964 1763.595 1763.987 1764.237 1764.391 1764.273 1763.703 1763.874 1764.068 1764.32 1764.688 1765.037 1765.441 1765.839 1766.127 1766.388 1766.882 1767.334 1767.753 1768.154 -9999 -9999 -9999
1775.119 1774.556 1774.012 1773.484 1772.981 1772.426 1771.861 1771.292 1770.702 1770.091 1769.952 1769.678 1768.802 1767.007 1766.048 1765.048 1764.023 1763.027 1762.064 1761.134 1760.283 1759.512 1758.807 1758.175 1757.637 1757.178 1756.81 1756.537 1756.351 1756.656 1757.262 1757.307 1756.368 1756.249 1756.51 1756.986 1757.666 1758.535 1759.56 1760.639 1762.438 1763.923 1764.865 1765.484 1766.021 1766.302 1766.317 1765.988 1765.482 1765.317 1765.446 1765.597 1765.811 1766.012 1766.275 1766.632 1766.841 1766.989 1767.357 1767.696 1768.023 1768.351 1768.691 -9999 -9999
1778.521 1777.966 1777.425 1776.896 1776.374 1775.936 1775.287 1774.717 1774.119 1773.509 1773.348 1773.078 1772.299 1770.743 1769.409 1768.373 1767.305 1766.239 1765.19 1764.176 1763.246 1762.399 1761.619 1760.935 1760.35 1759.86 1759.462 1759.15 1758.926 1759.485 1760.037 1760.096 1759.535 1758.653 1758.876 1759.318 1759.968 1760.797 1761.739 1762.933 1764.92 1766.048 1766.728 1767.29 1768.015 1768.306 1768.276 1767.719 1767.232 1766.913 1766.827 1766.885 1766.948 1767.014 1767.136 1767.336 1767.458 1767.674 1767.891 1768.102 1768.324 1768.57 1768.848 -9999 -9999
1781.924 1781.396 1780.872 1780.35 1779.907 1779.724 1779.361 1778.717 1777.627 1777.018 1776.769 1776.538 1775.971 1774.769 1772.97 1771.777 1770.677 1769.554 1768.442 1767.361 1766.345 1765.411 1764.556 1763.812 1763.171 1762.638 1762.189 1761.826 1761.55 1761.925 1762.605 1762.61 1761.816 1761.025 1761.224 1761.636 1762.267 1763.074 1763.97 1766.251 1767.569 1768.149 1768.47 1768.864 1769.81 1770.002 1769.885 1769.154 1768.749 1768.574 1768.497 1768.391 1768.104 1768.049 1768.055 1768.175 1768.317 1768.387 1768.44 1768.519 1768.634 1768.795 1769.012 -9999 -9999
1785.802 1785.002 1784.401 1783.837 1783.396 1783.152 1782.813 1782.158 1781.13 1780.605 1780.373 1780.158 1779.78 1778.877 1777.039 1775.25 1774.109 1772.942 1771.783 1770.643 1769.559 1768.55 1767.621 1766.795 1766.082 1765.487 1764.978 1764.563 1764.228 1764.735 1765.248 1765.084 1764.02 1763.409 1763.558 1763.923 1764.514 1765.294 1767.362 1769.391 1769.997 1770.062 1770.032 1770.144 1770.839 1771.05 1770.808 1770.13 1769.998 1769.992 1769.991 1769.896 1769.323 1769.106 1769.087 1769.148 1769.189 1769.069 1768.955 1768.916 1768.934 1769.014 1769.173 -9999 -9999
1790.304 1789.559 1788.735 1787.483 1786.911 1786.639 1786.413 1786.025 1785.447 1785.003 1784.583 1783.994 1783.398 1782.562 1780.958 1779.294 1777.591 1776.389 1775.179 1773.985 1772.843 1771.762 1770.745 1769.834 1769.044 1768.377 1767.796 1767.307 1767.096 1767.567 1767.854 1767.565 1766.266 1765.799 1765.897 1766.203 1766.723 1767.422 1769.221 1771.008 1771.692 1771.808 1771.738 1771.771 1772.058 1772.14 1771.937 1771.554 1771.32 1771.188 1771.021 1770.679 1770.347 1770.117 1769.997 1770.003 1769.983 1769.638 1769.381 1769.274 1769.216 1769.22 1769.327 -9999 -9999
1794.784 1793.706 1792.55 1791.204 1790.654 1790.489 1790.442 1790.321 1790.026 1789.572 1788.888 1787.764 1786.968 1786.302 1785.214 1783.665 1781.392 1779.871 1778.619 1777.379 1776.169 1774.999 1773.896 1772.901 1772.024 1771.272 1770.605 1770.021 1769.95 1769.976 1769.965 1769.645 1768.27 1768.172 1768.225 1768.469 1768.912 1769.533 1770.558 1772.175 1773.058 1773.421 1773.409 1773.385 1773.417 1773.348 1773.122 1772.793 1772.533 1772.294 1772.005 1771.71 1771.335 1771.067 1770.843 1770.702 1770.472 1770.005 1769.691 1769.61 1769.485 1769.41 -9999 -9999 -9999
1798.899 1797.542 1796.406 1795.457 1795.163 1795.11 1795.13 1795.027 1794.599 1793.719 1792.601 1791.218 1790.449 1790.044 1789.458 1788.228 1785.997 1783.954 1782.069 1780.787 1779.517 1778.267 1777.089 1775.997 1775.011 1774.149 1773.386 1772.824 1772.233 1771.574 1771.16 1770.847 1770.62 1770.507 1770.532 1770.716 1771.089 1771.621 1772.403 1773.674 1774.526 1774.995 1775.03 1774.961 1774.835 1774.644 1774.372 1774.034 1773.715 1773.396 1773.039 1772.732 1772.302 1771.986 1771.674 1771.409 1771.033 1770.492 1770.15 1769.994 -9999 -9999 -9999 -9999 -9999
1801.984 1800.818 1800.136 1799.764 1799.698 1799.735 1799.752 1799.567 1798.921 1797.596 1796.39 1795.177 1794.191 1793.657 1793.044 1791.928 1790.264 1788.581 1786.449 1784.704 1782.948 1781.525 1780.272 1779.087 1777.979 1777.001 1776.44 1775.451 1774.638 1774.036 1773.551 1773.189 1772.945 1772.829 1772.845 1772.987 1773.301 1773.747 1774.285 1775.412 1776.169 1776.606 1776.646 1776.534 1776.272 1775.983 1775.668 1775.274 1774.897 1774.519 1774.123 1773.743 1773.264 1772.885 1772.543 1772.17 1771.66 1771.135 1770.775 1770.412 -9999 -9999 -9999 -9999 -9999
1804.953 1804.258 1803.826 1803.651 1803.66 1803.711 1803.651 1803.252 1802.285 1800.856 1799.899 1798.991 1797.761 1797.028 1796.352 1795.255 1793.919 1792.442 1790.619 1789.021 1787.09 1785.309 1783.693 1782.221 1780.9 1780.083 1779.389 1777.965 1777.169 1776.499 1775.959 1775.558 1775.315 1775.207 1775.226 1775.349 1775.6 1775.951 1776.382 1777.401 1778.007 1778.297 1778.303 1778.145 1777.698 1777.328 1777.013 1776.574 1776.154 1775.709 1775.228 1774.76 1774.285 1773.843 1773.432 1772.999 1772.381 1771.884 1771.436 1771.007 -9999 -9999 -9999 -9999 -9999
1807.685 1807.356 1807.14 1807.068 1807.098 1807.137 1807.041 1806.551 1805.429 1804.091 1802.951 1801.876 1800.695 1800.105 1799.493 1798.282 1797.178 1795.996 1794.386 1792.687 1790.721 1789.086 1787.184 1785.465 1784.044 1782.937 1781.649 1780.542 1779.686 1778.975 1778.413 1778.016 1777.787 1777.696 1777.706 1777.8 1777.989 1778.248 1778.577 1779.673 1780.049 1780.095 1780.036 1779.819 1779.085 1778.819 1778.455 1777.991 1777.469 1776.908 1776.359 1775.831 1775.283 1774.76 1774.276 1773.743 1773.205 1772.741 1772.221 -9999 -9999 -9999 -9999 -9999 -9999
1810.013 1809.96 1809.923 1809.954 1810.015 1810.054 1809.971 1809.5 1808.222 1806.986 1805.76 1804.738 1803.877 1803.267 1802.437 1801.076 1800.207 1799.299 1797.708 1796.027 1793.987 1792.062 1790.057 1788.261 1786.924 1785.515 1784.109 1783.07 1782.179 1781.459 1780.906 1780.53 1780.32 1780.249 1780.252 1780.317 1780.449 1780.623 1780.848 1782.043 1782.351 1782.283 1781.945 1781.315 1780.766 1780.414 1779.969 1779.414 1778.791 1778.122 1777.513 1776.898 1776.25 1775.723 1775.18 1774.708 1774.169 1773.693 -9999 -9999 -9999 -9999 -9999 -9999 -9999
1811.873 1811.985 1812.03 1812.276 1812.474 1812.535 1812.347 1811.712 1810.512 1809.591 1808.34 1807.508 1807.002 1806.586 1805.839 1804.537 1803.366 1802.069 1800.446 1798.901 1796.702 1794.662 1792.616 1790.705 1789.489 1787.856 1786.629 1785.549 1784.64 1783.949 1783.434 1783.079 1782.883 1782.815 1783.139 1783.419 1783.498 1783.595 1783.949 1784.662 1784.876 1784.72 1784.19 1783.429 1782.546 1782.055 1781.502 1780.849 1780.124 1779.36 1778.694 1777.929 1777.255 1776.718 1776.168 1775.7 -9999 -9999 -9999 -9999 -9999 -9999 -9999 -9999 -9999
1813.467 1813.739 1813.937 1814.317 1814.636 1814.747 1814.562 1813.997 1813.06 1812.045 1810.785 1810.193 1809.969 1809.789 1809.214 1807.804 1806.428 1804.742 1802.975 1800.84 1798.816 1797.06 1795.155 1793.27 1791.721 1790.342 1789.093 1788.012 1787.133 1786.473 1785.995 1785.673 1785.495 1786.14 1786.697 1786.868 1786.906 1786.949 1787.118 1787.395 1787.504 1787.278 1786.574 1785.806 1785.014 1784.197 1783.305 1782.359 1781.529 1780.664 1779.854 1779.047 1778.326 1777.749 1777.192 -9999 -9999 -9999 -9999 -9999 -9999 -9999 -9999 -9999 -9999
1814.948 1815.344 1815.661 1816.157 1816.602 1816.776 1816.67 1816.297 1815.685 1814.913 1813.963 1813.188 1812.638 1812.321 1811.671 1810.446 1809.285 1807.343 1805.735 1803.501 1801.133 1799.563 1797.621 1795.663 1794.161 1792.767 1791.524 1790.468 1789.641 1789.028 1788.595 1788.307 1788.981 1789.703 1789.958 1789.962 1789.926 1789.908 1789.936 1789.984 1789.954 1789.669 1788.728 1788.082 1787.476 1786.576 1785.597 1784.482 1783.454 1782.325 1781.113 1780.252 1779.508 1778.877 -9999 -9999 -9999 -9999 -9999 -9999 -9999 -9999 -9999 -9999 -9999
1816.355 1816.854 1817.287 1817.825 1818.399 1818.583 1818.549 1818.388 1818.119 1817.716 1817.055 1816.047 1815.081 1814.629 1813.998 1812.983 1811.782 1810.178 1808.68 1806.317 1804.023 1802.045 1799.909 1798.045 1796.56 1795.186 1793.967 1792.965 1792.199 1791.636 1791.246 1790.973 1791.413 1792.099 1792.335 1792.302 1792.193 1792.116 1792.06 1791.968 1791.733 1791.196 1790.271 1789.995 1789.689 1788.699 1787.763 1786.441 1785.072 1783.526 1782.505 1781.614 1780.836 -9999 -9999 -9999 -9999 -9999 -9999 -9999 -9999 -9999 -9999 -9999 -9999
1817.634 1818.183 1818.633 1819.229 1819.912 1820.01 1820.008 1819.999 1819.975 1819.896 1819.593 1818.444 1817.292 1816.814 1816.224 1815.297 1814.077 1812.458 1810.564 1808.566 1806.612 1804.369 1801.886 1800.389 1798.971 1797.668 1796.52 1795.579 1794.873 1794.349 1793.985 1793.73 1793.55 1794.012 1794.209 1794.125 1793.903 1793.819 1793.74 1793.601 1793.303 1792.765 1792.039 1791.628 1791.109 1790.21 1789.635 1788.107 1786.577 1785.101 1784.061 1783.129 1782.318 -9999 -9999 -9999 -9999 -9999 -9999 -9999 -9999 -9999 -9999 -9999 -9999
1818.693 1819.235 1819.518 1820.009 1820.609 1820.875 1820.969 1820.973 1820.87 1820.622 1820.597 1820.066 1819.641 1818.86 1818.279 1817.387 1816.268 1814.734 1812.82 1810.695 1808.939 1806.292 1804.141 1802.732 1801.433 1800.257 1799.225 1798.383 1797.743 1797.253 1796.899 1796.64 1796.431 1796.22 1795.986 1795.771 1795.45 1795.298 1795.212 1795.092 1794.824 1794.35 1793.729 1793.166 1792.501 1791.653 1790.853 1789.707 1788.295 1786.777 1785.739 1784.788 -9999 -9999 -9999 -9999 -9999 -9999 -9999 -9999 -9999 -9999 -9999 -9999 -9999
1819.438 1819.978 1820.013 1820.5 1821.051 1821.405 1821.575 1821.6 1821.489 1821.28 1821.29 1821.06 1820.708 1820.091 1819.87 1819.063 1818.259 1816.958 1815.21 1812.939 1810.497 1807.878 1806.41 1805.14 1803.991 1802.985 1802.104 1801.387 1800.824 1800.373 1800.02 1799.734 1799.475 1799.186 1798.856 1798.478 1798.065 1797.625 1797.164 1796.676 1796.381 1795.948 1795.341 1794.672 1793.876 1792.883 1791.72 1790.566 1789.736 1788.536 1787.518 -9999 -9999 -9999 -9999 -9999 -9999 -9999 -9999 -9999 -9999 -9999 -9999 -9999 -9999
1819.721 1820.008 1820.378 1820.896 1821.412 1821.791 1822.006 1822.07 1822.006 1821.875 1821.872 1821.744 1821.474 1821.054 1820.701 1820.088 1819.86 1818.871 1817.501 1815.118 1812.271 1809.892 1808.717 1807.636 1806.679 1805.853 1805.151 1804.582 1804.114 1803.713 1803.364 1803.042 1802.708 1802.333 1801.898 1801.386 1800.834 1800.24 1799.618 1798.965 1798.276 1797.509 1796.91 1796.188 1795.331 1794.276 1793.222 1792.273 1791.298 1790.31 -9999 -9999 -9999 -9999 -9999 -9999 -9999 -9999 -9999 -9999 -9999 -9999 -9999 -9999 -9999
