auxillary_inputs/dems/sew/initial_conditions/pg24f_7etch.txt
ncols         436
nrows         413
xllcorner     1121548.2005005
yllcorner     886503.6505127
cellsize      24
NODATA_value  -9999
[rows 174 to 202 of 413, columns 260 to 324 of 436]
1488.66 1489.551 1489.923 1490.006 1489.993 1489.935 1489.57 1488.326 1486.816 1485.147 1483.009 1480.809 1479.69 1477.761 1475.436 1472.97 1470.53 1468.504 1466.316 1463.714 1460.941 1458.413 1455.874 1453.425 1451.104 1448.917 1446.823 1444.784 1442.786 1440.844 1439.51 1437.278 1435.16 1433.364 1431.628 1430.039 1428.592 1427.372 1426.574 1425.84 1425.13 1424.408 1423.67 1422.921 1422.174 1421.444 1420.742 1420.004 1418.941 1417.668 1416.386 1415.069 1413.764 1412.476 1411.239 1410.102 1409.108 1408.251 1407.378 1406.493 1405.756 1404.983 1404.214 1403.49 1402.708
1494.315 1494.264 1493.932 1493.481 1492.951 1492.336 1491.587 1490.153 1488.694 1487.203 1484.983 1482.761 1481.188 1479.415 1476.966 1474.422 1472.105 1469.987 1467.979 1465.609 1462.703 1460.171 1457.577 1455.024 1452.636 1450.382 1448.224 1446.126 1444.076 1442.07 1440.239 1438.5 1436.279 1434.393 1432.543 1430.808 1429.24 1427.88 1426.812 1426.084 1425.358 1424.595 1423.79 1422.949 1422.104 1421.271 1420.527 1419.947 1418.814 1417.514 1416.149 1414.808 1413.507 1412.235 1411.043 1410.001 1409.061 1408.157 1407.253 1406.347 1405.491 1404.773 1403.989 1403.163 1402.28
1498.332 1497.599 1496.81 1496.1 1495.348 1494.537 1493.45 1491.977 1490.349 1489.195 1486.787 1484.447 1482.439 1480.34 1478.182 1475.931 1473.738 1471.521 1469.608 1467.6 1464.915 1462.012 1459.399 1456.776 1454.324 1452.02 1449.803 1447.629 1445.506 1443.431 1441.541 1439.943 1437.85 1435.49 1433.52 1431.628 1429.943 1428.455 1427.151 1426.376 1425.64 1424.829 1423.958 1422.998 1422.038 1421.03 1420.067 1419.403 1418.417 1417.21 1415.906 1414.589 1413.314 1412.12 1411.019 1410.001 1409.043 1408.099 1407.154 1406.213 1405.282 1404.508 1403.771 1402.928 1401.978
1500.849 1499.895 1498.839 1498.114 1497.302 1496.452 1495.252 1493.725 1491.728 1489.914 1487.732 1485.66 1483.7 1481.702 1479.667 1477.554 1475.413 1473.252 1471.06 1469.449 1467.169 1464.04 1461.331 1458.718 1456.206 1453.835 1451.529 1449.24 1447.021 1444.869 1442.914 1441.275 1439.271 1436.592 1434.513 1432.505 1430.701 1429.081 1427.648 1426.776 1426.016 1425.137 1424.225 1423.182 1422.11 1421.028 1420.022 1419.092 1418.055 1416.872 1415.609 1414.339 1413.118 1411.987 1410.96 1410.004 1409.041 1408.05 1407.048 1406.059 1405.075 1404.229 1403.475 1402.641 1401.65
1503.315 1501.88 1500.454 1499.833 1498.923 1498.141 1496.804 1494.769 1492.354 1490.618 1488.899 1487.105 1485.253 1483.317 1481.294 1479.258 1477.198 1475.104 1472.965 1471.108 1469.313 1466.745 1463.503 1460.811 1458.291 1455.819 1453.336 1450.929 1448.606 1446.358 1444.176 1442.235 1439.921 1437.691 1435.549 1433.469 1431.548 1429.8 1428.261 1427.308 1426.508 1425.581 1424.557 1423.433 1422.274 1421.118 1419.998 1418.914 1417.77 1416.548 1415.288 1414.068 1412.876 1411.776 1410.838 1410.005 1409.018 1407.945 1406.854 1405.789 1404.777 1403.977 1403.144 1402.237 1401.203
1505.452 1503.964 1502.497 1501.394 1500.284 1499.761 1498.256 1495.874 1493.947 1492.253 1490.513 1488.77 1486.988 1485.105 1483.1 1481.123 1479.109 1477.052 1474.944 1472.791 1470.898 1469.25 1466.609 1463.574 1460.587 1457.818 1455.232 1452.69 1450.258 1447.912 1445.586 1443.292 1441.031 1438.822 1436.618 1434.449 1432.411 1430.589 1428.958 1427.933 1427.082 1426.077 1424.945 1423.72 1422.464 1421.223 1420.003 1418.786 1417.526 1416.269 1415.069 1413.89 1412.687 1411.46 1410.572 1409.951 1408.891 1407.738 1406.567 1405.42 1404.46 1403.677 1402.823 1401.871 1401.01
1507.277 1505.956 1504.49 1503.135 1501.913 1500.973 1499.559 1497.289 1495.665 1493.962 1492.219 1490.541 1489.588 1488.089 1485.113 1483.141 1481.141 1479.101 1477.015 1475.059 1473.261 1471.52 1469.238 1466.4 1463.155 1459.834 1457.134 1454.517 1451.959 1449.509 1447.064 1444.746 1442.327 1440.033 1437.747 1435.471 1433.314 1431.44 1429.719 1428.63 1427.701 1426.604 1425.354 1424.001 1422.626 1421.301 1420.011 1418.665 1417.308 1416.083 1414.903 1413.706 1412.466 1411.239 1410.085 1409.426 1408.504 1407.385 1406.177 1405.053 1404.149 1403.274 1402.399 1401.432 1400.787
1508.879 1507.814 1506.291 1504.72 1503.237 1501.833 1500.457 1498.967 1497.37 1495.737 1494.054 1492.417 1491.714 1490.21 1487.929 1485.711 1483.326 1481.207 1479.472 1477.594 1475.688 1473.691 1471.164 1468.709 1465.273 1461.695 1459.013 1456.342 1453.667 1451.046 1448.532 1446.23 1444.068 1441.576 1438.955 1436.591 1434.319 1432.329 1430.555 1429.209 1428.271 1427.128 1425.764 1424.243 1422.697 1421.276 1419.997 1418.501 1417.182 1415.952 1414.751 1413.509 1412.266 1411.1 1410.009 1409.153 1408.165 1407.015 1405.907 1404.904 1403.925 1402.969 1402.019 1401.017 1400.018
1510.407 1509.525 1507.794 1506.057 1504.788 1503.498 1502.101 1500.625 1499.099 1497.536 1495.919 1494.984 1494.066 1492.665 1490.718 1489.029 1486.691 1484.293 1482.209 1480.112 1478.148 1476.205 1473.587 1470.7 1467.467 1463.897 1460.836 1458.045 1455.251 1452.529 1449.985 1447.748 1445.765 1443.252 1440.197 1437.801 1435.477 1433.356 1431.455 1429.736 1428.761 1427.665 1426.199 1424.449 1422.61 1421.187 1419.873 1418.485 1417.122 1415.854 1414.61 1413.343 1412.119 1410.991 1409.997 1409.01 1407.908 1406.721 1405.685 1404.659 1403.649 1402.66 1401.682 1400.685 1399.572
1512.296 1510.396 1508.852 1507.729 1506.463 1505.113 1503.686 1502.217 1500.787 1499.503 1498.374 1497.465 1496.356 1495.171 1493.525 1491.761 1489.627 1487.201 1484.8 1482.521 1480.452 1478.781 1476.094 1473.122 1469.897 1466.341 1462.603 1459.703 1456.816 1454.026 1451.451 1449.419 1447.318 1444.822 1441.888 1439.068 1436.701 1434.491 1432.474 1430.7 1429.351 1428.319 1426.761 1424.73 1422.966 1421.462 1420.015 1418.556 1417.132 1415.785 1414.46 1413.165 1411.964 1410.842 1409.999 1408.901 1407.688 1406.395 1405.278 1404.239 1403.224 1402.229 1401.239 1400.237 1399.125
1513.687 1511.662 1510.606 1509.389 1508.068 1506.682 1505.266 1503.844 1502.433 1501.211 1500.269 1499.695 1498.598 1497.563 1495.892 1493.917 1491.709 1489.391 1486.916 1484.62 1482.474 1480.422 1478.096 1475.313 1472.097 1468.527 1464.291 1461.301 1458.388 1455.595 1452.958 1450.334 1448.227 1446.023 1443.094 1440.307 1437.919 1435.671 1433.599 1431.731 1430.014 1429.104 1427.558 1425.328 1423.567 1421.932 1420.347 1418.786 1417.262 1415.798 1414.379 1413.026 1411.783 1410.615 1409.951 1408.793 1407.466 1406.066 1404.945 1403.896 1402.889 1401.91 1400.919 1399.867 1398.71
1515.247 1513.439 1512.244 1510.977 1509.611 1508.19 1506.817 1505.437 1504.057 1503.006 1502.124 1501.292 1500.213 1499.494 1497.663 1495.464 1493.028 1490.498 1488.397 1486.383 1484.348 1482.302 1480.036 1477.259 1473.792 1469.88 1465.89 1462.842 1459.91 1457.097 1454.351 1451.672 1449.139 1447.224 1444.125 1441.546 1439.137 1436.864 1434.751 1432.813 1431.033 1429.897 1428.586 1426.329 1424.353 1422.579 1420.854 1419.161 1417.504 1415.915 1414.386 1412.936 1411.584 1410.324 1409.464 1408.446 1407.155 1405.746 1404.614 1403.53 1402.525 1401.574 1400.586 1399.474 1398.268
1517.218 1515.219 1513.922 1512.549 1511.139 1509.717 1508.377 1507.015 1505.684 1504.791 1503.839 1502.787 1501.533 1500.229 1498.695 1496.592 1494.179 1491.754 1489.751 1488.026 1486.123 1484.182 1481.905 1479.038 1475.256 1471.112 1467.431 1464.364 1461.39 1458.52 1455.729 1453.025 1450.504 1448.81 1445.396 1442.814 1440.386 1438.088 1435.944 1433.967 1432.151 1430.608 1429.696 1427.751 1425.294 1423.411 1421.539 1419.693 1417.901 1416.178 1414.522 1412.961 1411.505 1410.17 1409.189 1408.125 1406.832 1405.438 1404.201 1403.118 1402.096 1401.111 1400.125 1399.044 1397.858
1519.416 1517.426 1515.594 1514.121 1512.622 1511.222 1509.905 1508.521 1507.349 1506.432 1505.453 1504.269 1502.861 1501.364 1499.729 1497.615 1495.251 1492.833 1490.677 1489.627 1487.934 1486.37 1483.661 1480.244 1476.555 1472.613 1468.915 1465.819 1462.806 1459.925 1457.136 1454.446 1451.877 1449.665 1446.721 1444.142 1441.675 1439.34 1437.173 1435.163 1433.3 1431.536 1430.294 1429.499 1427.225 1424.429 1422.401 1420.397 1418.453 1416.585 1414.807 1413.125 1411.548 1410.119 1408.953 1407.837 1406.518 1405.161 1403.853 1402.752 1401.715 1400.716 1399.713 1398.644 1397.474
1521.063 1519.374 1517.237 1515.709 1514.167 1512.7 1511.307 1509.937 1508.623 1507.865 1506.98 1505.708 1504.093 1502.349 1500.333 1498.542 1496.438 1494.302 1492.476 1491.328 1490.069 1488.685 1485.351 1481.397 1477.746 1473.751 1470.282 1467.2 1464.199 1461.315 1458.521 1455.817 1453.183 1450.599 1448.024 1445.454 1442.947 1440.606 1438.428 1436.391 1434.472 1432.647 1431.832 1431.23 1429.733 1427.014 1423.351 1421.21 1419.131 1417.135 1415.226 1413.411 1411.707 1410.156 1408.688 1407.535 1406.212 1404.917 1403.603 1402.349 1401.291 1400.28 1399.271 1398.22 1397.108
1522.307 1520.421 1518.832 1517.294 1515.716 1514.185 1512.729 1511.314 1509.985 1509.145 1508.457 1507.124 1505.245 1503.347 1501.399 1499.675 1497.683 1495.774 1494.112 1492.823 1491.488 1489.684 1486.495 1482.731 1478.966 1474.691 1471.575 1468.515 1465.522 1462.617 1459.812 1457.092 1454.44 1451.847 1449.321 1446.764 1444.201 1441.842 1439.649 1437.579 1435.611 1433.749 1433.285 1432.749 1431.557 1429.218 1425.106 1422.082 1419.894 1417.795 1415.785 1413.864 1412.053 1410.379 1408.767 1407.364 1406.042 1404.727 1403.436 1402.203 1401.062 1400.004 1398.964 1397.886 1396.782
1523.796 1522.015 1520.393 1519.181 1517.184 1515.597 1514.094 1512.65 1511.255 1510.118 1509.76 1508.273 1506.356 1504.32 1502.244 1500.27 1498.681 1497.061 1495.452 1494.025 1492.265 1490.042 1487.12 1483.516 1479.621 1475.962 1472.869 1469.839 1466.852 1463.929 1461.119 1458.378 1455.705 1453.109 1450.653 1448.118 1445.478 1443.077 1440.852 1438.731 1436.713 1434.878 1434.461 1433.949 1432.907 1430.904 1427.533 1423.055 1420.791 1418.619 1416.529 1414.516 1412.591 1410.767 1408.995 1407.307 1405.854 1404.515 1403.234 1402.025 1400.945 1400.005 1398.929 1397.766 1396.547
1525.32 1523.661 1522.134 1520.281 1518.545 1516.948 1515.425 1513.935 1512.484 1511.133 1510.122 1508.979 1507.266 1505.281 1503.221 1501.34 1499.785 1498.351 1496.648 1495.091 1493.077 1490.547 1487.785 1484.119 1480.278 1477.255 1474.223 1471.228 1468.255 1465.338 1462.51 1459.739 1457.041 1454.422 1451.955 1449.443 1446.791 1444.354 1442.072 1439.871 1437.792 1435.823 1435.361 1434.845 1433.897 1432.181 1429.375 1425.142 1421.79 1419.556 1417.389 1415.271 1413.212 1411.218 1409.277 1407.414 1405.658 1404.222 1402.959 1401.737 1400.661 1399.939 1398.812 1397.605 1396.365
1526.606 1524.99 1523.308 1521.508 1519.882 1518.362 1516.846 1515.242 1513.726 1512.271 1511.004 1509.819 1508.146 1506.242 1504.224 1502.453 1500.712 1499.763 1498.313 1496.49 1494.301 1491.755 1488.903 1484.908 1481.547 1478.584 1475.6 1472.628 1469.689 1466.779 1463.934 1461.176 1458.488 1455.88 1453.366 1450.843 1448.249 1445.768 1443.299 1441.009 1438.87 1436.854 1436.065 1435.516 1434.605 1433.116 1430.847 1427.547 1422.955 1420.539 1418.286 1416.042 1413.828 1411.663 1409.553 1407.527 1405.63 1403.913 1402.625 1401.369 1400.085 1399.389 1398.443 1397.329 1396.133
1527.697 1526.278 1524.53 1522.822 1521.164 1519.775 1518.423 1516.725 1514.987 1513.352 1511.78 1510.192 1508.877 1507.205 1505.368 1503.585 1502.13 1501.031 1499.705 1497.786 1495.475 1492.791 1489.698 1485.85 1482.843 1479.957 1477.024 1474.09 1471.18 1468.282 1465.445 1462.699 1460.022 1457.429 1454.884 1452.326 1449.776 1447.184 1444.595 1442.205 1439.99 1437.917 1436.729 1436.074 1435.107 1433.73 1431.88 1429.329 1425.74 1421.847 1419.178 1416.807 1414.45 1412.118 1409.84 1407.652 1405.609 1403.761 1402.249 1401.23 1400.026 1399.116 1398.132 1397.044 1395.89
1529.001 1527.823 1526.075 1524.172 1522.511 1521.015 1519.719 1517.936 1516.103 1514.421 1512.792 1511.166 1509.801 1508.178 1506.471 1504.747 1503.247 1501.838 1500.258 1498.703 1496.458 1493.719 1490.587 1487.281 1484.198 1481.335 1478.458 1475.562 1472.674 1469.818 1467.003 1464.272 1461.64 1459.079 1456.533 1453.968 1451.37 1448.729 1446.055 1443.52 1441.192 1439.04 1437.521 1436.642 1435.497 1434.096 1432.547 1430.537 1428.413 1424.807 1420.4 1417.545 1415.05 1412.576 1410.148 1407.809 1405.621 1403.649 1401.925 1400.717 1399.951 1398.919 1397.863 1396.779 1395.664
1530.4 1529.49 1527.649 1525.642 1523.835 1522.151 1520.461 1518.806 1517.138 1515.44 1513.741 1512.074 1510.425 1508.903 1507.374 1505.764 1504.212 1502.701 1501.188 1499.689 1497.357 1494.698 1491.859 1488.95 1485.574 1482.757 1479.933 1477.084 1474.249 1471.442 1468.665 1465.978 1463.362 1460.82 1458.266 1455.998 1453.219 1450.315 1447.605 1444.965 1442.488 1440.242 1438.49 1437.256 1435.917 1434.537 1433.136 1431.597 1429.892 1427.011 1421.718 1418.207 1415.605 1413.018 1410.472 1408.005 1405.682 1403.582 1401.764 1400.193 1399.377 1398.505 1397.531 1396.511 1395.465
1531.782 1530.226 1528.757 1527.019 1525.133 1523.347 1521.6 1519.896 1518.181 1516.429 1514.679 1512.978 1511.315 1509.822 1508.261 1506.654 1505.02 1503.367 1501.696 1499.965 1497.813 1495.357 1492.676 1489.816 1486.917 1484.161 1481.386 1478.631 1475.876 1473.122 1470.416 1467.789 1465.196 1462.625 1460.347 1458.421 1455.066 1451.975 1449.24 1446.498 1443.851 1441.509 1439.235 1437.579 1436.192 1434.792 1433.379 1431.902 1430.264 1427.761 1422.219 1418.8 1416.116 1413.443 1410.807 1408.243 1405.809 1403.593 1401.7 1400.036 1398.846 1398.071 1397.2 1396.271 1395.308
1533.147 1531.565 1530.025 1528.388 1526.474 1524.519 1522.683 1520.917 1519.185 1517.402 1515.611 1513.866 1512.17 1510.481 1508.949 1507.419 1505.71 1503.883 1502.005 1500.085 1498.118 1495.885 1493.366 1490.856 1488.271 1485.603 1482.9 1480.26 1477.6 1474.922 1472.258 1469.678 1467.092 1464.806 1462.475 1459.766 1456.509 1453.712 1450.915 1448.108 1445.298 1442.751 1440.378 1438.128 1436.439 1434.986 1433.435 1431.72 1429.826 1427.731 1422.228 1419.354 1416.609 1413.882 1411.192 1408.563 1406.056 1403.752 1401.751 1400 1398.483 1397.736 1396.948 1396.105 1395.22
1534.679 1532.952 1531.287 1529.676 1527.707 1525.689 1523.739 1521.958 1520.195 1518.375 1516.54 1514.734 1512.992 1511.301 1509.814 1508.203 1506.397 1504.603 1502.821 1500.954 1498.989 1496.844 1494.55 1492.152 1489.677 1487.112 1484.527 1481.959 1479.389 1476.79 1474.18 1472.037 1469.802 1467.33 1464.537 1461.051 1458.295 1455.466 1452.598 1449.718 1446.846 1444.137 1441.596 1439.224 1436.957 1435.646 1434.15 1432.387 1430.354 1427.665 1422.67 1419.9 1417.119 1414.353 1411.641 1408.989 1406.441 1404.069 1401.962 1400.121 1398.547 1397.561 1396.831 1396.053 1395.228
1536.05 1534.143 1532.26 1530.394 1528.682 1526.964 1524.969 1523.009 1521.195 1519.358 1517.49 1515.63 1513.828 1512.104 1510.438 1508.87 1507.136 1505.408 1503.64 1501.836 1499.968 1497.936 1495.753 1493.455 1491.073 1488.646 1486.353 1484.022 1481.386 1479.36 1477.007 1474.662 1472.323 1469.811 1466.851 1463.253 1460.197 1457.225 1454.263 1451.3 1448.396 1445.572 1442.836 1440.326 1437.97 1436.537 1434.998 1432.959 1430.485 1427.332 1423.247 1420.46 1417.654 1414.871 1412.167 1409.507 1406.931 1404.501 1402.288 1400.39 1398.794 1397.566 1396.884 1396.145 1395.349
1537.195 1535.27 1533.384 1531.496 1529.801 1528.381 1526.528 1524.273 1522.275 1520.391 1518.483 1516.572 1514.715 1512.95 1511.263 1509.747 1507.927 1506.217 1504.477 1502.709 1500.901 1499.006 1496.958 1494.779 1492.516 1490.555 1489.095 1486.787 1484.103 1481.717 1479.336 1476.865 1474.569 1472.272 1469.793 1466.952 1463.273 1459.403 1455.956 1452.914 1449.976 1447.059 1444.125 1441.474 1439.023 1437.793 1436.034 1433.505 1430.372 1426.826 1423.841 1421.05 1418.241 1415.461 1412.755 1410.084 1407.497 1405.038 1402.751 1400.803 1399.163 1397.812 1397.136 1396.396 1395.59
1538.413 1536.432 1534.5 1532.605 1530.732 1529.746 1528.162 1525.921 1523.588 1521.51 1519.658 1517.628 1515.637 1513.813 1512.083 1510.402 1508.72 1507.042 1505.352 1503.629 1501.886 1500.079 1498.311 1496.55 1494.688 1492.885 1491.23 1489.14 1486.383 1483.629 1480.833 1478.542 1476.447 1474.342 1472.047 1469.384 1465.949 1461.794 1457.778 1454.568 1451.528 1448.501 1445.458 1442.69 1440.149 1439.445 1437.315 1434.403 1430.943 1427.464 1424.51 1421.67 1418.824 1416.027 1413.308 1410.662 1408.089 1405.622 1403.329 1401.329 1399.621 1398.274 1397.586 1396.791 1395.931
1539.662 1537.617 1535.639 1533.776 1531.946 1530.917 1529.578 1527.313 1524.951 1522.65 1520.495 1518.556 1516.588 1514.721 1512.949 1511.236 1509.573 1507.927 1506.269 1504.577 1502.873 1501.213 1499.753 1498.331 1496.69 1494.869 1492.896 1490.563 1488.18 1485.584 1482.829 1480.328 1478.24 1476.187 1473.9 1471.244 1468.611 1464.697 1460.233 1456.236 1453.043 1449.945 1446.888 1444.024 1442.138 1440.419 1438.422 1435.558 1432.237 1428.741 1425.162 1422.258 1419.388 1416.582 1413.859 1411.254 1408.711 1406.265 1403.975 1401.916 1400.161 1398.95 1398.183 1397.271 1396.325
