auxillary_inputs/dems/sew/initial_conditions/pg24f_0etch.txt
ncols         436
nrows         413
xllcorner     1121548.2005005
yllcorner     886503.6505127
cellsize      24
NODATA_value  -9999
[rows 203 to 231 of 413, columns 65 to 129 of 436]
1788.496 1788.771 1788.925 1788.986 1789.017 1789.069 1789.159 1789.272 1789.42 1789.728 1789.97 1790.005 1790.157 1790.438 1790.699 1790.921 1791.284 1791.223 1790.927 1790.686 1790.361 1789.997 1789.885 1789.188 1788.672 1788.028 1787.498 1787.024 1786.486 1785.952 1785.418 1784.903 1784.465 1784.122 1783.871 1783.674 1783.495 1783.304 1783.075 1782.878 1782.573 1782.209 1781.857 1781.329 1780.842 1780.427 1780.004 1779.045 1777.692 1776.058 1774.203 1772.142 1769.802 1766.802 1763.934 1760.832 1757.743 1754.142 1750.28 1746.278 1741.763 1737.077 1731.663 1727.657 1723.662
1787.802 1787.935 1787.99 1787.995 1787.988 1787.996 1788.024 1788.066 1788.172 1788.411 1788.588 1788.649 1788.691 1788.894 1789.166 1789.866 1790.014 1790.005 1789.845 1789.129 1788.771 1788.604 1788.369 1787.806 1787.202 1786.548 1785.947 1785.39 1784.847 1784.353 1783.881 1783.44 1783.073 1782.761 1782.534 1782.427 1782.329 1782.213 1782.068 1781.949 1781.707 1781.313 1780.988 1780.58 1780.387 1780.015 1779.95 1778.972 1777.696 1776.207 1774.521 1772.607 1770.4 1768.125 1765.399 1762.372 1759.252 1755.513 1751.54 1747.936 1743.725 1739.028 1733.385 1728.363 1724.373
1786.978 1787.017 1787.019 1786.997 1786.979 1786.975 1786.978 1786.976 1786.966 1787.082 1787.221 1787.304 1787.39 1787.553 1787.866 1788.282 1788.403 1788.349 1788.128 1787.634 1787.258 1786.989 1786.673 1786.169 1785.56 1784.907 1784.297 1783.72 1783.183 1782.82 1782.451 1782.073 1781.712 1781.443 1781.224 1781.191 1781.158 1781.108 1781.042 1780.956 1780.75 1780.473 1780.058 1780.001 1779.985 1779.555 1779.13 1778.437 1777.409 1776.144 1774.71 1773.138 1771.411 1769.505 1766.687 1763.529 1760.177 1756.618 1752.913 1749.265 1744.783 1739.652 1733.473 1729.102 1725.138
1786.147 1786.144 1786.108 1786.04 1785.994 1785.975 1785.959 1785.912 1785.83 1785.776 1785.878 1785.959 1786.038 1786.154 1786.335 1786.531 1786.562 1786.429 1786.156 1785.795 1785.488 1785.227 1784.915 1784.46 1783.871 1783.225 1782.673 1782.181 1781.823 1781.471 1781.113 1780.756 1780.403 1780.174 1780.031 1779.997 1779.998 1779.998 1780.001 1780.001 1780.003 1779.978 1779.626 1779.471 1779.322 1778.946 1778.478 1777.868 1776.982 1775.882 1774.652 1773.357 1771.902 1769.997 1767.248 1764.029 1760.496 1756.832 1752.921 1748.845 1743.879 1738.231 1733.815 1729.877 1725.955
1785.5 1785.47 1785.373 1785.194 1785.063 1784.993 1784.935 1784.818 1784.62 1784.5 1784.569 1784.629 1784.661 1784.68 1784.709 1784.741 1784.666 1784.461 1784.28 1784.017 1783.707 1783.418 1783.184 1782.815 1782.265 1781.605 1781.211 1780.811 1780.465 1780.131 1780 1779.918 1779.285 1778.977 1778.861 1778.825 1778.829 1778.866 1778.931 1779.022 1779.128 1779.178 1779.024 1778.856 1778.622 1778.247 1777.797 1777.218 1776.472 1775.448 1774.298 1773.187 1771.961 1770.054 1767.148 1763.793 1760.083 1755.757 1751.007 1746.059 1742.271 1738.43 1734.564 1730.689 1726.823
1784.881 1784.852 1784.738 1784.484 1784.22 1784.047 1783.919 1783.721 1783.408 1783.25 1783.313 1783.347 1783.319 1783.22 1783.11 1783.043 1782.945 1782.783 1782.588 1782.343 1782.054 1781.734 1781.551 1781.334 1780.891 1780.136 1780.002 1779.908 1779.27 1778.964 1778.834 1778.679 1778.229 1777.908 1777.737 1777.668 1777.669 1777.736 1777.859 1778.03 1778.218 1778.351 1778.333 1778.194 1777.909 1777.478 1776.98 1776.526 1775.895 1774.93 1773.702 1772.65 1771.701 1769.829 1766.378 1762.562 1758.345 1753.714 1750.199 1746.57 1742.864 1739.109 1735.327 1731.531 1727.735
1784.132 1784.096 1783.979 1783.768 1783.459 1783.154 1782.938 1782.676 1782.295 1782.087 1782.132 1782.152 1782.081 1781.865 1781.734 1781.565 1781.385 1781.164 1780.94 1780.692 1780.434 1780.14 1780.011 1780.003 1779.877 1779.225 1778.896 1778.662 1778.188 1777.834 1777.601 1777.39 1777.013 1776.734 1776.572 1776.506 1776.525 1776.626 1776.811 1777.063 1777.35 1777.583 1777.667 1777.554 1777.216 1776.68 1776.084 1775.827 1775.394 1774.584 1773.343 1771.808 1771.011 1768.882 1764.705 1760.32 1757.258 1753.985 1750.562 1747.034 1743.427 1739.772 1736.085 1732.377 1728.66
1783.499 1783.409 1783.206 1782.98 1782.696 1782.308 1782.01 1781.694 1781.274 1781.044 1781.035 1781.058 1780.995 1780.725 1780.342 1780.096 1779.992 1779.839 1779.329 1779.081 1778.84 1778.563 1778.474 1778.474 1778.362 1777.975 1777.648 1777.345 1776.935 1776.555 1776.244 1775.968 1775.658 1775.47 1775.361 1775.338 1775.397 1775.548 1775.799 1776.14 1776.546 1776.893 1777.064 1776.971 1776.562 1775.875 1775.096 1775.013 1774.744 1774.075 1772.967 1771.486 1769.716 1766.287 1762.995 1760.287 1757.324 1754.158 1750.849 1747.44 1743.951 1740.409 1736.828 1733.215 1729.585
1782.904 1782.783 1782.523 1782.212 1781.914 1781.546 1781.169 1780.791 1780.34 1780.066 1779.997 1780.003 1780.003 1779.893 1779.193 1778.781 1778.534 1778.247 1777.729 1777.484 1777.25 1776.987 1776.895 1776.84 1776.727 1776.496 1776.248 1775.984 1775.578 1775.167 1774.802 1774.52 1774.287 1774.163 1774.119 1774.17 1774.292 1774.498 1774.816 1775.243 1775.785 1776.248 1776.488 1776.397 1775.904 1775.042 1774.008 1773.864 1773.491 1772.677 1771.393 1769.527 1766.981 1765.038 1762.75 1760.156 1757.308 1754.267 1751.091 1747.816 1744.456 1741.03 1737.557 1734.046 1730.509
1782.222 1782.075 1781.847 1781.527 1781.182 1780.842 1780.433 1779.977 1779.514 1779.136 1778.935 1778.848 1778.745 1778.498 1777.92 1777.395 1776.981 1776.606 1776.17 1775.911 1775.663 1775.44 1775.301 1775.161 1775.04 1774.9 1774.731 1774.502 1774.15 1773.713 1773.289 1773.026 1772.866 1772.809 1772.839 1773.005 1773.21 1773.465 1773.837 1774.328 1774.999 1775.542 1775.801 1775.662 1775.046 1774 1772.808 1772.023 1771.061 1769.804 1768.948 1767.84 1766.4 1764.602 1762.456 1760 1757.288 1754.378 1751.333 1748.186 1744.955 1741.649 1738.285 1734.874 1731.433
1781.639 1781.438 1781.159 1780.867 1780.519 1780.136 1779.72 1779.312 1778.709 1778.218 1777.86 1777.62 1777.38 1777.009 1776.446 1775.854 1775.422 1775.015 1774.658 1774.379 1774.127 1773.984 1773.727 1773.467 1773.332 1773.26 1773.178 1773.033 1772.776 1772.279 1771.725 1771.5 1771.444 1771.46 1771.513 1771.859 1772.15 1772.423 1772.836 1773.34 1774.09 1774.613 1774.756 1774.45 1773.546 1772.036 1770.509 1770.087 1769.583 1768.948 1768.116 1767.108 1765.812 1764.162 1762.175 1759.876 1757.307 1754.531 1751.611 1748.582 1745.465 1742.27 1739.011 1735.701 1732.359
1781.014 1780.829 1780.526 1780.299 1780.006 1779.981 1779.373 1778.696 1777.948 1777.31 1776.85 1776.423 1776.046 1775.566 1774.994 1774.512 1774.044 1773.593 1773.207 1772.894 1772.72 1772.604 1772.222 1771.79 1771.629 1771.615 1771.608 1771.554 1771.406 1770.939 1770.16 1769.988 1769.978 1770.039 1770.152 1770.759 1771.099 1771.328 1771.811 1772.267 1772.956 1773.24 1773.026 1772.373 1770.961 1770.162 1769.823 1769.425 1768.916 1768.246 1767.415 1766.444 1765.26 1763.77 1761.946 1759.803 1757.377 1754.739 1751.947 1749.029 1746.01 1742.909 1739.74 1736.525 1733.281
1780.393 1780.16 1780.004 1779.987 1779.637 1779.339 1778.71 1777.934 1777.096 1776.469 1775.922 1775.356 1774.854 1774.315 1773.817 1773.267 1772.754 1772.255 1771.834 1771.461 1771.353 1771.26 1770.875 1770.214 1770.001 1769.988 1769.993 1769.998 1769.988 1769.786 1768.972 1768.521 1768.482 1768.607 1768.831 1769.671 1769.968 1770.123 1770.798 1771.095 1771.456 1771.149 1770.21 1770.094 1769.918 1769.615 1769.247 1768.919 1768.439 1767.848 1767.059 1766.103 1764.951 1763.517 1761.792 1759.782 1757.49 1754.982 1752.315 1749.507 1746.584 1743.571 1740.49 1737.366 1734.211
1779.773 1779.55 1779.407 1779.257 1778.91 1778.49 1777.856 1777.07 1776.217 1775.651 1775.053 1774.471 1773.884 1773.271 1772.731 1772.116 1771.53 1770.998 1770.51 1770.073 1769.997 1769.998 1769.833 1769.043 1768.58 1768.349 1768.234 1768.234 1768.234 1768.234 1768.234 1768.234 1768.234 1768.234 1768.234 1768.234 1768.368 1769.052 1769.8 1769.809 1769.463 1769.673 1769.633 1769.55 1769.438 1769.249 1768.96 1768.596 1768.123 1767.613 1766.917 1765.987 1764.841 1763.423 1761.745 1759.829 1757.657 1755.272 1752.728 1750.038 1747.215 1744.287 1741.285 1739.051 1736.775
1779.093 1778.896 1778.688 1778.431 1778.052 1777.594 1776.949 1776.163 1775.325 1774.777 1774.165 1773.597 1772.943 1772.276 1771.696 1771.027 1770.495 1769.948 1769.243 1768.744 1768.522 1768.434 1768.234 1768.234 1768.234 1768.234 1768.234 1768.234 1768.234 1768.234 1768.234 1768.234 1768.234 1768.234 1768.234 1768.234 1768.234 1768.234 1768.234 1768.245 1768.666 1768.925 1769.011 1769.02 1769.001 1768.944 1768.727 1768.419 1768.016 1767.54 1766.891 1765.976 1764.839 1763.448 1761.826 1759.981 1757.901 1755.621 1753.186 1750.608 1747.887 1746.312 1744.267 1741.969 1739.223
1778.43 1778.184 1777.917 1777.599 1777.2 1776.73 1776.06 1775.273 1774.501 1773.883 1773.233 1772.644 1771.966 1771.348 1770.681 1770.05 1769.932 1769.203 1768.283 1768.234 1768.234 1768.234 1768.234 1768.234 1768.234 1768.234 1768.234 1768.234 1768.234 1768.234 1768.234 1768.234 1768.234 1768.234 1768.234 1768.234 1768.234 1768.234 1768.234 1768.234 1768.234 1768.234 1768.348 1768.48 1768.54 1768.583 1768.503 1768.305 1767.991 1767.538 1766.901 1766 1764.893 1763.55 1761.983 1760.199 1758.202 1756.025 1753.693 1751.21 1750.328 1748.67 1746.179 1743.288 1740.119
1777.733 1777.44 1777.125 1776.767 1776.342 1775.838 1775.218 1774.451 1773.693 1772.992 1772.292 1771.647 1771.017 1770.659 1770.003 1769.339 1768.854 1768.234 1768.234 1768.234 1768.234 1768.234 1768.234 1768.234 1768.234 1768.234 1768.234 1768.234 1768.234 1768.234 1768.234 1768.234 1768.234 1768.234 1768.234 1768.234 1768.234 1768.234 1768.234 1768.234 1768.234 1768.234 1768.234 1768.234 1768.234 1768.284 1768.328 1768.231 1767.987 1767.562 1766.928 1766.054 1765.005 1763.743 1762.237 1760.506 1758.584 1756.491 1754.244 1753.455 1751.917 1749.806 1746.895 1743.664 1740.344
1777.015 1776.682 1776.333 1775.955 1775.531 1775.045 1774.476 1773.748 1772.898 1772.136 1771.407 1770.705 1770.016 1769.953 1769.254 1768.456 1768.234 1768.234 1768.234 1768.234 1768.234 1768.234 1768.234 1768.234 1768.234 1768.234 1768.234 1768.234 1768.234 1768.234 1768.234 1768.234 1768.234 1768.234 1768.234 1768.234 1768.234 1768.234 1768.234 1768.234 1768.234 1768.234 1768.234 1768.234 1768.234 1768.234 1768.244 1768.215 1768.016 1767.643 1767.012 1766.196 1765.223 1764.031 1762.59 1760.935 1759.09 1757.714 1756.468 1754.715 1752.577 1750.046 1747.126 1743.955 1740.741
1776.284 1775.918 1775.568 1775.18 1774.771 1774.294 1773.776 1773.158 1772.304 1771.421 1770.536 1769.975 1769.49 1769.049 1768.295 1768.234 1768.234 1768.234 1768.234 1768.234 1768.234 1768.234 1768.234 1768.234 1768.234 1768.234 1768.234 1768.234 1768.234 1768.234 1768.234 1768.234 1768.234 1768.234 1768.234 1768.234 1768.234 1768.234 1768.234 1768.234 1768.234 1768.234 1768.234 1768.234 1768.234 1768.234 1768.234 1768.289 1768.162 1767.845 1767.231 1766.523 1765.638 1764.484 1763.09 1761.906 1760.471 1759.195 1757.433 1755.301 1752.804 1750.061 1747.323 1744.505 1741.744
1775.625 1775.348 1774.979 1774.539 1774.069 1773.613 1773.08 1772.504 1771.806 1771.074 1770.054 1769.486 1768.857 1768.234 1768.234 1768.234 1768.234 1768.234 1768.234 1768.234 1768.234 1768.234 1768.234 1768.234 1768.234 1768.234 1768.234 1768.234 1768.234 1768.234 1768.234 1768.234 1768.234 1768.234 1768.234 1768.234 1768.234 1768.234 1768.234 1768.234 1768.234 1768.234 1768.234 1768.234 1768.234 1768.234 1768.321 1768.446 1768.365 1768.075 1767.592 1766.961 1766.144 1765.792 1764.959 1763.588 1761.777 1759.942 1758.014 1755.691 1752.986 1750.139 1747.65 1745.115 1742.506
1775.07 1774.798 1774.413 1773.946 1773.422 1773.017 1772.544 1771.863 1771.231 1770.624 1769.96 1769.112 1768.247 1768.234 1768.234 1768.234 1768.234 1768.234 1768.234 1768.234 1768.234 1768.234 1768.234 1768.234 1768.234 1768.234 1768.234 1768.234 1768.234 1768.234 1768.234 1768.234 1768.234 1768.234 1768.234 1768.234 1768.234 1768.234 1768.234 1768.234 1768.234 1768.234 1768.234 1768.234 1768.234 1768.234 1768.513 1768.697 1768.67 1768.461 1768.044 1768.147 1767.986 1767.373 1766.259 1764.635 1762.602 1760.417 1758.616 1756.241 1753.458 1750.579 1748.339 1745.933 1743.355
1774.5 1774.163 1773.82 1773.377 1772.875 1772.391 1771.847 1771.259 1770.587 1770.005 1769.391 1768.561 1768.234 1768.234 1768.234 1768.234 1768.234 1768.234 1768.234 1768.234 1768.234 1768.234 1768.234 1768.234 1768.234 1768.234 1768.234 1768.234 1768.234 1768.234 1768.234 1768.234 1768.234 1768.234 1768.234 1768.234 1768.234 1768.234 1768.234 1768.234 1768.234 1768.234 1768.234 1768.234 1768.234 1768.246 1768.81 1769.01 1769.025 1768.907 1769.202 1769.259 1768.963 1768.239 1767.041 1765.396 1763.436 1761.415 1759.591 1757.096 1754.41 1751.791 1749.571 1747.153 1744.579
1773.937 1773.553 1773.155 1772.737 1772.197 1771.648 1771.195 1770.782 1770.034 1769.508 1768.865 1768.234 1768.234 1768.234 1768.234 1768.234 1768.234 1768.234 1768.234 1768.234 1768.234 1768.234 1768.234 1768.234 1768.234 1768.234 1768.234 1768.234 1768.234 1768.234 1768.234 1768.234 1768.234 1768.234 1768.234 1768.234 1768.234 1768.234 1768.234 1768.234 1768.234 1768.234 1768.234 1768.234 1768.234 1768.523 1769.041 1769.312 1769.4 1769.651 1769.794 1769.757 1769.424 1768.698 1767.526 1765.937 1764.045 1762.023 1759.994 1757.776 1755.368 1752.853 1750.441 1748.298 1745.774
1773.461 1772.97 1772.501 1772.005 1771.454 1770.89 1770.678 1770.393 1769.984 1769.298 1768.52 1768.234 1768.234 1768.234 1768.234 1768.234 1768.234 1768.234 1768.234 1768.234 1768.234 1768.234 1768.234 1768.234 1768.234 1768.234 1768.234 1768.234 1768.234 1768.234 1768.234 1768.234 1768.234 1768.234 1768.234 1768.234 1768.234 1768.234 1768.234 1768.234 1768.234 1768.234 1768.234 1768.234 1768.234 1769.02 1769.499 1769.708 1769.833 1769.921 1769.967 1769.921 1769.628 1768.972 1767.87 1766.356 1764.528 1762.496 1760.368 1758.599 1756.381 1753.97 1751.651 1749.534 1746.885
1773.034 1772.396 1771.841 1771.219 1770.6 1770.366 1770.236 1770.005 1769.684 1769.053 1768.257 1768.234 1768.234 1768.234 1768.234 1768.234 1768.234 1768.234 1768.234 1768.234 1768.234 1768.234 1768.234 1768.234 1768.234 1768.234 1768.234 1768.234 1768.234 1768.234 1768.234 1768.234 1768.234 1768.234 1768.234 1768.234 1768.234 1768.234 1768.234 1768.234 1768.234 1768.234 1768.234 1768.234 1769.002 1769.666 1769.998 1770.002 1770.051 1770.064 1770 1770 1769.774 1769.224 1768.186 1766.746 1765.031 1763.174 1761.328 1759.647 1757.276 1754.779 1752.345 1749.995 1747.493
1772.702 1771.96 1771.207 1770.407 1770.003 1770 1770.001 1769.995 1769.53 1768.862 1768.234 1768.234 1768.234 1768.234 1768.234 1768.234 1768.234 1768.234 1768.234 1768.234 1768.234 1768.234 1768.234 1768.234 1768.234 1768.234 1768.234 1768.234 1768.234 1768.234 1768.234 1768.234 1768.234 1768.234 1768.234 1768.234 1768.234 1768.234 1768.234 1768.234 1768.234 1768.234 1768.234 1768.679 1769.471 1769.996 1770.227 1770.266 1770.445 1770.53 1770.43 1770.226 1770.004 1769.555 1768.501 1767.075 1765.431 1763.669 1761.861 1759.982 1757.657 1755.151 1752.608 1750.085 1747.679
1772.249 1771.465 1770.6 1770.002 1769.817 1769.777 1769.758 1769.666 1769.265 1768.665 1768.234 1768.234 1768.234 1768.234 1768.234 1768.234 1768.234 1768.234 1768.234 1768.234 1768.234 1768.234 1768.234 1768.234 1768.234 1768.234 1768.234 1768.234 1768.234 1768.234 1768.234 1768.234 1768.234 1768.234 1768.234 1768.234 1768.234 1768.234 1768.234 1768.234 1768.234 1768.234 1768.362 1769.181 1769.728 1770.003 1770.294 1770.49 1770.777 1770.941 1770.825 1770.537 1770.383 1769.964 1768.739 1767.27 1765.654 1763.917 1762.067 1760.053 1757.746 1755.264 1752.684 1750.105 1747.79
1771.794 1770.88 1770.177 1769.999 1769.773 1769.643 1769.541 1769.372 1769.018 1768.509 1768.234 1768.234 1768.234 1768.234 1768.234 1768.234 1768.234 1768.234 1768.234 1768.234 1768.234 1768.234 1768.234 1768.234 1768.234 1768.234 1768.234 1768.234 1768.234 1768.234 1768.234 1768.234 1768.234 1768.234 1768.234 1768.234 1768.234 1768.234 1768.234 1768.234 1768.234 1768.366 1769.033 1769.639 1769.996 1770.187 1770.43 1770.73 1771.017 1771.167 1771.06 1770.815 1770.527 1769.992 1768.703 1767.28 1765.706 1763.979 1762.101 1760.056 1757.711 1755.174 1752.596 1750.094 1747.814
1771.252 1770.288 1770.001 1769.861 1769.685 1769.529 1769.377 1769.173 1768.859 1768.438 1768.234 1768.234 1768.234 1768.234 1768.234 1768.234 1768.234 1768.234 1768.234 1768.234 1768.234 1768.234 1768.234 1768.234 1768.234 1768.234 1768.234 1768.234 1768.234 1768.234 1768.234 1768.234 1768.234 1768.234 1768.234 1768.234 1768.301 1768.446 1768.537 1768.696 1768.936 1769.233 1769.58 1769.993 1770.013 1770.299 1770.654 1771.011 1771.287 1771.411 1771.296 1770.936 1770.529 1769.996 1768.784 1767.25 1765.544 1763.75 1761.914 1759.97 1757.527 1754.906 1752.353 1750.004 1747.681
