auxillary_inputs/dems/sew/initial_conditions/pg24f_3pt5etch.txt
ncols         436
nrows         413
xllcorner     1121548.2005005
yllcorner     886503.6505127
cellsize      24
NODATA_value  -9999
[rows 116 to 144 of 413, columns 130 to 194 of 436]
-9999 -9999 -9999 -9999 -9999 -9999 -9999 -9999 -9999 -9999 -9999 -9999 -9999 -9999 -9999 -9999 -9999 -9999 -9999 -9999 -9999 -9999 -9999 -9999 -9999 -9999 -9999 -9999 -9999 -9999 -9999 -9999 -9999 -9999 -9999 -9999 -9999 -9999 -9999 -9999 -9999 -9999 -9999 -9999 -9999 -9999 -9999 -9999 -9999 1573.367 1571.746 1570.172 1569.163 1567.833 1566.255 1564.533 1562.772 1561.121 1559.794 1557.95 1555.999 1554.117 1552.414 1550.632 1548.77
-9999 -9999 -9999 -9999 -9999 -9999 -9999 -9999 -9999 -9999 -9999 -9999 -9999 -9999 -9999 -9999 -9999 -9999 -9999 -9999 -9999 -9999 -9999 -9999 -9999 -9999 -9999 -9999 -9999 -9999 -9999 -9999 -9999 -9999 -9999 -9999 -9999 -9999 -9999 -9999 -9999 -9999 -9999 -9999 -9999 -9999 -9999 -9999 1575.951 1574.201 1572.533 1570.913 1569.864 1568.356 1566.698 1564.948 1563.203 1561.537 1559.992 1558.277 1556.394 1554.369 1552.405 1550.515 1549.004
-9999 -9999 -9999 -9999 -9999 -9999 -9999 -9999 -9999 -9999 -9999 -9999 -9999 -9999 -9999 -9999 -9999 -9999 -9999 -9999 -9999 -9999 -9999 -9999 -9999 -9999 -9999 -9999 -9999 -9999 -9999 -9999 -9999 -9999 -9999 -9999 -9999 -9999 -9999 -9999 -9999 -9999 -9999 -9999 -9999 -9999 -9999 1578.91 1576.923 1575.093 1573.357 1571.659 1570.004 1568.644 1567.063 1565.304 1563.537 1561.752 1560.023 1558.511 1556.782 1554.859 1552.91 1551.156 1549.792
-9999 -9999 -9999 -9999 -9999 -9999 -9999 -9999 -9999 -9999 -9999 -9999 -9999 -9999 -9999 -9999 -9999 -9999 -9999 -9999 -9999 -9999 -9999 -9999 -9999 -9999 -9999 -9999 -9999 -9999 -9999 -9999 -9999 -9999 -9999 -9999 -9999 -9999 -9999 -9999 -9999 -9999 -9999 -9999 -9999 -9999 1582.304 1580.041 1577.953 1576.025 1574.202 1572.421 1570.671 1569.027 1567.525 1565.782 1563.964 1562.086 1560.239 1558.958 1557.26 1555.333 1553.411 1551.655 1550.02
-9999 -9999 -9999 -9999 -9999 -9999 -9999 -9999 -9999 -9999 -9999 -9999 -9999 -9999 -9999 -9999 -9999 -9999 -9999 -9999 -9999 -9999 -9999 -9999 -9999 -9999 -9999 -9999 -9999 -9999 -9999 -9999 -9999 -9999 -9999 -9999 -9999 -9999 -9999 -9999 -9999 -9999 -9999 -9999 -9999 1586.181 1583.625 1581.243 1579.035 1576.979 1575.049 1573.192 1571.379 1569.81 1568.114 1566.343 1564.547 1562.767 1561.124 1559.764 1557.753 1555.629 1553.588 1551.736 1549.998
-9999 -9999 -9999 -9999 -9999 -9999 -9999 -9999 -9999 -9999 -9999 -9999 -9999 -9999 -9999 -9999 -9999 -9999 -9999 -9999 -9999 -9999 -9999 -9999 -9999 -9999 -9999 -9999 -9999 -9999 -9999 -9999 -9999 -9999 -9999 -9999 -9999 -9999 -9999 -9999 -9999 -9999 -9999 -9999 1590.421 1587.627 1584.982 1582.497 1580.168 1577.98 1575.922 1573.963 1572.079 1570.243 1568.483 1566.838 1565.104 1563.359 1561.669 1559.976 1557.84 1555.568 1553.347 1551.326 1549.638
-9999 -9999 -9999 -9999 -9999 -9999 -9999 -9999 -9999 -9999 -9999 -9999 -9999 -9999 -9999 -9999 -9999 -9999 -9999 -9999 -9999 -9999 -9999 -9999 -9999 -9999 -9999 -9999 -9999 -9999 -9999 -9999 -9999 -9999 -9999 -9999 -9999 -9999 -9999 -9999 -9999 -9999 -9999 1594.953 1591.946 1589.072 1586.345 1583.767 1581.325 1579.029 1576.859 1574.794 1572.813 1570.893 1569.03 1567.345 1565.584 1563.779 1561.948 1560 1557.715 1555.288 1552.806 1550.391 1548.572
-9999 -9999 -9999 -9999 -9999 -9999 -9999 -9999 -9999 -9999 -9999 -9999 -9999 -9999 -9999 -9999 -9999 -9999 -9999 -9999 -9999 -9999 -9999 -9999 -9999 -9999 -9999 -9999 -9999 -9999 -9999 -9999 -9999 -9999 -9999 -9999 -9999 -9999 -9999 -9999 -9999 -9999 1599.753 1596.554 1593.47 1590.52 1587.71 1585.046 1582.518 1580.126 1577.854 1575.691 1573.616 1571.612 1569.763 1567.877 1565.97 1564.056 1562.092 1559.99 1557.63 1555.124 1552.656 1550.405 1548.14
-9999 -9999 -9999 -9999 -9999 -9999 -9999 -9999 -9999 -9999 -9999 -9999 -9999 -9999 -9999 -9999 -9999 -9999 -9999 -9999 -9999 -9999 -9999 -9999 -9999 -9999 -9999 -9999 -9999 -9999 -9999 -9999 -9999 -9999 -9999 -9999 -9999 -9999 -9999 -9999 1608.879 1604.693 1601.372 1598.116 1594.961 1591.937 1589.052 1586.31 1583.703 1581.22 1578.864 1576.609 1574.436 1572.332 1570.282 1568.24 1566.179 1564.214 1562.165 1559.98 1557.579 1555.075 1552.776 1550.495 1548.211
-9999 -9999 -9999 -9999 -9999 -9999 -9999 -9999 -9999 -9999 -9999 -9999 -9999 -9999 -9999 -9999 -9999 -9999 -9999 -9999 -9999 -9999 -9999 -9999 -9999 -9999 -9999 -9999 -9999 -9999 -9999 -9999 -9999 -9999 -9999 -9999 -9999 -9999 -9999 1615.959 1611.205 1606.334 1602.901 1599.602 1596.388 1593.292 1590.343 1587.53 1584.855 1582.302 1579.864 1577.512 1575.231 1573.018 1570.866 1568.748 1566.609 1564.43 1562.217 1559.973 1557.607 1555.266 1552.932 1550.627 1548.337
-9999 -9999 -9999 -9999 -9999 -9999 -9999 -9999 -9999 -9999 -9999 -9999 -9999 -9999 -9999 -9999 -9999 -9999 -9999 -9999 -9999 -9999 -9999 -9999 -9999 -9999 -9999 -9999 -9999 -9999 -9999 -9999 -9999 -9999 -9999 -9999 -9999 -9999 1621.768 1618.105 1613.342 1608.493 1604.342 1601.008 1597.748 1594.598 1591.584 1588.703 1585.962 1583.34 1580.816 1578.387 1576.02 1573.722 1571.477 1569.277 1567.056 1564.806 1562.528 1560.209 1557.856 1555.492 1553.13 1550.796 1548.491
-9999 -9999 -9999 -9999 -9999 -9999 -9999 -9999 -9999 -9999 -9999 -9999 -9999 -9999 -9999 -9999 -9999 -9999 -9999 -9999 -9999 -9999 -9999 -9999 -9999 -9999 -9999 -9999 -9999 -9999 -9999 -9999 -9999 1638.5 1635.934 1633.034 1629.827 1626.026 1622.262 1618.675 1614.191 1609.483 1605.659 1602.305 1599.029 1595.846 1592.771 1589.837 1587.036 1584.348 1581.754 1579.474 1576.814 1574.439 1572.109 1569.819 1567.522 1565.208 1562.875 1560.522 1558.147 1555.756 1553.366 1551.004 1548.681
-9999 -9999 -9999 -9999 -9999 -9999 -9999 -9999 -9999 -9999 -9999 -9999 -9999 -9999 -9999 -9999 -9999 -9999 -9999 -9999 -9999 -9999 -9999 -9999 -9999 -9999 -9999 -9999 -9999 -9999 -9999 -9999 1641.716 1639.563 1636.623 1633.375 1629.784 1625.484 1621.222 1617.909 1614.103 1610.242 1606.868 1603.512 1600.243 1597.049 1593.941 1590.949 1588.082 1585.32 1582.648 1580.072 1577.578 1575.135 1572.731 1570.363 1568.011 1565.656 1563.28 1560.888 1558.499 1556.078 1553.658 1551.267 1548.916
-9999 -9999 -9999 -9999 -9999 -9999 -9999 -9999 -9999 -9999 -9999 -9999 -9999 -9999 -9999 -9999 -9999 -9999 -9999 -9999 -9999 -9999 -9999 -9999 -9999 -9999 1659.347 1655.925 1652.78 1649.99 1647.265 1644.701 1642.304 1639.897 1636.851 1633.418 1629.578 1625.06 1621.178 1617.951 1614.675 1611.353 1608.007 1604.665 1601.406 1598.198 1595.057 1592.008 1589.082 1586.252 1583.51 1580.865 1578.333 1575.819 1573.358 1570.935 1568.548 1566.156 1563.746 1561.505 1559.398 1556.444 1553.992 1551.577 1549.201
-9999 -9999 -9999 -9999 -9999 -9999 -9999 -9999 -9999 -9999 -9999 -9999 -9999 -9999 -9999 -9999 -9999 -9999 -9999 -9999 -9999 -9999 -9999 -9999 1667.486 1663.785 1660.01 1656.355 1653.024 1650.054 1647.382 1644.887 1642.463 1639.925 1636.892 1633.463 1629.621 1625.323 1622.137 1618.948 1615.712 1612.431 1609.109 1605.781 1602.503 1599.274 1596.093 1592.994 1590.008 1587.121 1584.332 1581.642 1579.417 1576.502 1573.996 1571.532 1569.111 1566.682 1564.452 1562.226 1559.824 1556.854 1554.374 1551.922 1549.516
-9999 -9999 -9999 -9999 -9999 -9999 -9999 -9999 -9999 -9999 -9999 -9999 -9999 -9999 -9999 -9999 -9999 -9999 -9999 -9999 -9999 -9999 -9999 1672.269 1668.893 1664.575 1660.256 1656.437 1653.022 1650 1647.388 1644.945 1642.488 1639.899 1636.99 1633.767 1630.225 1626.299 1623.064 1619.921 1617.658 1614.917 1611.113 1607.242 1603.599 1600.242 1597.026 1593.879 1590.83 1587.902 1585.083 1582.364 1579.857 1577.163 1574.628 1572.131 1569.667 1567.343 1565.021 1562.618 1559.958 1557.294 1554.789 1552.298 1549.843
-9999 -9999 -9999 -9999 -9999 -9999 -9999 -9999 1699.947 1698.772 1697.471 1696.125 1694.76 1693.41 1692.122 1690.936 -9999 -9999 -9999 -9999 -9999 1679.498 1676.501 1673.189 1669.528 1664.95 1660.365 1656.52 1653.417 1650.442 1647.594 1645.214 1642.684 1640.005 1637.331 1634.535 1631.668 1628.558 1625.064 1622.495 1620.22 1617.748 1613.595 1609.335 1605.208 1601.224 1597.87 1594.671 1591.572 1588.604 1585.754 1583.011 1580.359 1577.763 1575.202 1572.667 1570.158 1567.671 1565.305 1562.802 1560.248 1557.74 1555.213 1552.681 1550.165
1711.317 1710.078 1708.782 1707.399 1705.948 1704.462 1702.959 1701.437 1700.001 1698.754 1697.377 1695.914 1694.402 1692.896 1691.465 1690.147 1689.042 1687.38 1685.362 1683.23 1681.245 1679.555 1676.699 1673.403 1669.666 1665.141 1660.593 1657.193 1654.179 1651.205 1648.381 1646.059 1643.438 1640.656 1638.411 1636.054 1633.385 1630.436 1627.505 1624.775 1622.176 1619.271 1615.026 1610.555 1606.565 1602.647 1598.853 1595.392 1592.248 1589.248 1586.372 1583.603 1580.922 1578.306 1575.715 1573.141 1570.591 1568.088 1565.622 1563.16 1560.675 1558.16 1555.613 1553.04 1550.458
1711.779 1710.533 1709.241 1707.891 1706.459 1704.977 1703.466 1701.921 1700.318 1698.682 1697.265 1695.71 1694.061 1692.41 1690.927 1689.846 1688.414 1686.707 1684.742 1682.589 1680.389 1678.711 1676.277 1673.253 1669.726 1665.561 1661.347 1658.158 1655.237 1652.423 1650.001 1647.63 1644.971 1642.333 1640.068 1637.843 1635.227 1632.313 1629.403 1626.328 1623.275 1619.887 1615.668 1611.25 1607.529 1603.542 1599.431 1596.023 1592.847 1589.827 1586.938 1584.152 1581.444 1578.808 1576.186 1573.577 1571.003 1568.484 1566.006 1563.543 1561.055 1558.528 1555.959 1553.351 1550.718
1712.237 1711.005 1709.745 1708.404 1706.977 1705.489 1703.958 1702.373 1700.715 1698.971 1697.268 1695.615 1693.817 1691.96 1690.182 1689.02 1687.622 1685.982 1684.156 1682.169 1680.089 1678.178 1675.842 1673.048 1669.896 1666.468 1663.011 1660.047 1657.286 1654.427 1651.795 1649.347 1646.553 1643.954 1641.668 1639.431 1636.497 1633.325 1630.132 1626.98 1623.704 1620.077 1615.908 1611.688 1608.039 1603.745 1599.865 1596.576 1593.392 1590.365 1587.462 1584.66 1581.944 1579.438 1576.634 1574.007 1571.415 1568.874 1566.373 1563.889 1561.386 1558.835 1556.241 1553.612 1550.938
1712.715 1711.502 1710.247 1708.919 1707.493 1705.99 1704.423 1702.778 1701.038 1699.216 1697.491 1695.69 1693.775 1691.856 1690.034 1688.464 1686.885 1685.247 1683.589 1681.86 1679.999 1677.878 1675.517 1672.899 1670.125 1667.543 1664.71 1661.966 1659.234 1656.043 1652.986 1650.117 1647.438 1644.914 1642.521 1640.033 1637.084 1633.805 1630.387 1627.177 1623.762 1620.007 1615.621 1611.061 1607.004 1603.643 1600.327 1597.054 1593.881 1590.86 1587.947 1585.134 1582.403 1579.92 1577.071 1574.441 1571.832 1569.261 1566.729 1564.222 1561.7 1559.119 1556.494 1553.843 1551.151
1713.154 1711.986 1710.75 1709.431 1707.997 1706.468 1704.849 1703.13 1701.304 1699.785 1697.861 1695.811 1693.757 1691.796 1690.001 1688.182 1686.314 1684.398 1682.851 1681.339 1679.714 1677.462 1675.156 1672.819 1670.465 1668.673 1666.124 1663.307 1660.142 1656.841 1653.553 1650.386 1647.739 1645.222 1642.739 1640.129 1637.188 1633.933 1630.443 1627.12 1623.569 1619.699 1615.098 1610.699 1607.323 1603.974 1600.692 1597.466 1594.337 1591.328 1588.408 1585.581 1582.839 1580.159 1577.508 1574.875 1572.25 1569.644 1567.078 1564.548 1562.008 1559.411 1556.791 1554.147 1551.472
1713.617 1712.459 1711.231 1709.922 1708.703 1707.192 1705.453 1703.606 1701.778 1699.995 1697.926 1695.723 1693.572 1691.709 1689.892 1688.015 1686.088 1684.122 1682.091 1680.233 1678.528 1676.306 1674.322 1672.593 1671 1669.591 1666.765 1663.578 1660.283 1656.998 1653.656 1650.339 1647.516 1644.927 1642.345 1639.701 1636.74 1633.688 1630.333 1626.77 1622.915 1618.943 1614.299 1610.925 1607.549 1604.228 1600.983 1597.802 1594.711 1591.721 1588.815 1585.997 1583.265 1580.597 1577.947 1575.303 1572.667 1570.042 1567.46 1564.912 1562.352 1559.759 1557.158 1554.544 1551.948
1713.966 1712.869 1711.683 1710.365 1709.231 1707.843 1706.104 1704.175 1702.147 1700.035 1697.806 1695.606 1693.562 1691.59 1689.684 1687.755 1685.782 1683.78 1681.714 1679.557 1677.245 1674.832 1672.88 1671.485 1670.104 1668.805 1665.926 1662.69 1659.462 1656.021 1652.67 1649.461 1646.269 1643.295 1640.551 1637.93 1635.189 1632.673 1629.699 1625.774 1621.391 1617.769 1614.422 1611.058 1607.69 1604.411 1601.216 1598.08 1595.027 1592.073 1589.194 1586.398 1583.684 1581.039 1578.388 1575.734 1573.087 1570.47 1567.894 1565.345 1562.796 1560.231 1557.654 1555.09 1552.594
1714.289 1713.228 1712.067 1710.768 1709.907 1708.4 1706.583 1704.563 1702.38 1700.046 1697.895 1695.741 1693.593 1691.507 1689.474 1687.453 1685.415 1683.374 1681.261 1679.063 1676.752 1674.364 1671.936 1669.514 1667.446 1665.672 1663.24 1660.245 1657.146 1654.004 1651.175 1648.309 1645.434 1642.558 1639.674 1636.729 1633.724 1630.69 1627.76 1624.404 1621.139 1617.823 1614.479 1611.126 1607.789 1604.536 1601.372 1598.288 1595.29 1592.393 1589.537 1586.77 1584.086 1581.478 1578.834 1576.185 1573.536 1570.957 1568.412 1565.892 1563.378 1560.853 1558.31 1555.796 1553.402
1714.697 1713.634 1712.449 1711.127 1710.025 1708.574 1706.778 1704.747 1702.512 1700.211 1698.068 1695.869 1693.644 1691.46 1689.322 1687.219 1685.119 1682.992 1680.804 1678.546 1676.213 1673.846 1671.448 1669.065 1666.689 1664.281 1661.827 1659.284 1656.659 1653.943 1651.15 1648.305 1645.457 1642.603 1639.718 1636.769 1633.768 1630.717 1627.59 1624.396 1621.134 1617.822 1614.493 1611.163 1607.859 1604.622 1601.482 1598.435 1595.486 1592.63 1589.825 1587.121 1584.499 1581.919 1579.294 1576.673 1574.067 1571.541 1569.055 1566.592 1564.144 1561.676 1559.204 1556.769 1554.47
1714.991 1713.948 1712.795 1711.486 1710.02 1708.489 1706.683 1704.689 1702.501 1700.345 1698.172 1695.935 1693.654 1691.4 1689.196 1687.019 1684.838 1682.616 1680.335 1678.006 1675.652 1673.288 1670.923 1668.584 1666.27 1663.93 1661.542 1659.063 1656.484 1653.796 1651.014 1648.19 1645.357 1642.513 1639.629 1636.668 1633.659 1630.599 1627.482 1624.302 1621.059 1617.779 1614.472 1611.173 1607.899 1604.687 1601.57 1598.544 1595.612 1592.802 1590.085 1587.463 1584.9 1582.362 1579.801 1577.241 1574.705 1572.265 1569.903 1567.523 1565.116 1562.717 1560.333 1558.017 1555.819
1715.271 1714.245 1713.111 1711.829 1710.364 1708.674 1706.77 1704.71 1702.582 1700.421 1698.209 1695.942 1693.629 1691.321 1689.062 1686.818 1684.54 1682.217 1679.856 1677.466 1675.079 1672.72 1670.392 1668.1 1665.835 1663.55 1661.21 1658.779 1656.235 1653.57 1650.799 1647.973 1645.138 1642.289 1639.409 1636.452 1633.439 1630.384 1627.29 1624.148 1620.935 1617.678 1614.415 1611.17 1607.939 1604.768 1601.685 1598.709 1595.834 1593.068 1590.401 1587.835 1585.352 1582.884 1580.388 1577.902 1575.482 1573.156 1570.874 1568.575 1566.245 1563.928 1561.643 1559.439 1557.325
1715.642 1714.607 1713.446 1712.136 1710.646 1708.936 1706.99 1704.87 1702.668 1700.447 1698.18 1695.872 1693.535 1691.188 1688.867 1686.543 1684.176 1681.778 1679.374 1676.934 1674.518 1672.163 1669.88 1667.618 1665.384 1663.131 1660.833 1658.433 1655.911 1653.271 1650.515 1647.688 1644.834 1641.985 1639.118 1636.179 1633.178 1630.14 1627.073 1623.967 1620.798 1617.574 1614.342 1611.15 1607.998 1604.893 1601.872 1598.967 1596.15 1593.434 1590.818 1588.301 1585.898 1583.523 1581.099 1578.748 1576.473 1574.232 1572.003 1569.759 1567.487 1565.239 1563.037 1560.916 1559.119
