auxillary_inputs/dems/sew/initial_conditions/pg24f_ic5etch.txt
ncols         436
nrows         413
xllcorner     1121548.2005005
yllcorner     886503.6505127
cellsize      24
NODATA_value  -9999
[rows 87 to 115 of 413, columns 325 to 389 of 436]
1383.304 1383.201 1383.006 1382.603 1382.057 1381.514 1380.904 1380.023 1379.021 1377.969 1376.863 1375.713 1374.527 1373.413 1372.52 1371.729 1370.925 1370.104 1369.133 1367.907 1366.495 1365.099 1363.952 1363.193 1363.038 1363.298 1363.759 1363.7 1362.905 1361.503 1360.05 1358.83 1357.832 1356.932 1356.105 1355.466 1355.007 1354.836 1354.672 1354.68 1354.855 1355.238 1356.166 1357.506 1359.214 1361.322 1363.755 1366.301 1368.719 1370.717 1372.045 1372.844 1373.324 1373.725 1374.309 1375.233 1376.512 1378.122 1379.904 1381.67 1383.225 -9999 -9999 -9999 -9999
1383.012 1383.01 1382.959 1382.56 1382.026 1381.447 1380.872 1380.045 1379.076 1378.056 1377.01 1375.942 1374.855 1373.804 1372.862 1372.003 1371.214 1370.493 1369.615 1368.447 1367.145 1365.886 1364.882 1364.199 1364.067 1364.328 1364.79 1364.704 1363.778 1362.16 1360.463 1359.059 1357.952 1357.039 1356.339 1355.799 1355.233 1355.009 1354.83 1354.806 1354.895 1355.098 1355.986 1357.333 1359.022 1361.055 1363.404 1365.911 1368.422 1370.756 1372.673 1374.036 1374.921 1375.58 1376.26 1377.122 1378.274 1379.668 1381.243 1382.862 1384.338 1385.579 -9999 -9999 -9999
1382.687 1382.738 1382.672 1382.352 1381.882 1381.215 1380.667 1379.964 1379.056 1378.063 1377.043 1376.011 1374.974 1373.96 1373.026 1372.215 1371.54 1370.825 1369.927 1368.885 1367.77 1366.676 1365.751 1365.147 1365.018 1365.224 1365.517 1365.295 1364.217 1362.48 1360.652 1359.125 1357.986 1357.146 1356.588 1356.15 1355.81 1355.443 1355.132 1355.012 1355.003 1355.135 1356.032 1357.377 1359.067 1361.061 1363.295 1365.66 1368.1 1370.546 1372.838 1374.747 1376.135 1377.156 1378.001 1378.893 1379.974 1381.205 1382.578 1384.016 1385.383 1386.588 -9999 -9999 -9999
1382.312 1382.396 1382.326 1382.035 1381.62 1381.044 1380.46 1379.832 1378.998 1378.045 1377.04 1376.016 1374.995 1374.02 1373.174 1372.515 1371.827 1370.988 1370.079 1369.164 1368.208 1367.217 1366.354 1365.893 1365.742 1365.926 1366 1365.625 1364.326 1362.48 1360.614 1359.101 1358.057 1357.449 1357.038 1356.783 1356.448 1356.102 1355.801 1355.52 1355.42 1355.534 1356.272 1357.566 1359.25 1361.193 1363.292 1365.479 1367.755 1370.153 1372.61 1374.89 1376.752 1378.198 1379.339 1380.398 1381.495 1382.632 1383.829 1385.082 1386.297 1387.429 -9999 -9999 -9999
1381.933 1382.011 1381.973 1381.729 1381.353 1380.847 1380.173 1379.539 1378.841 1377.99 1377.028 1376.013 1375.001 1374.076 1373.374 1372.786 1371.975 1371.079 1370.248 1369.514 1368.699 1367.758 1366.883 1366.299 1366.012 1366.077 1365.988 1365.443 1364.045 1362.189 1360.404 1359.047 1358.198 1357.873 1357.573 1357.385 1357.153 1356.898 1356.492 1356.125 1355.958 1355.977 1356.625 1357.825 1359.433 1361.308 1363.292 1365.304 1367.368 1369.613 1372.066 1374.551 1376.803 1378.657 1380.147 1381.475 1382.715 1383.863 1384.96 1386.056 1387.141 1388.179 1389.048 -9999 -9999
1381.414 1381.531 1381.516 1381.351 1381 1380.502 1379.901 1379.196 1378.539 1377.855 1376.993 1376.01 1375.005 1374.101 1373.464 1372.878 1372.041 1371.213 1370.544 1369.831 1368.943 1367.967 1367.065 1366.442 1366.03 1365.883 1365.533 1364.801 1363.431 1361.728 1360.17 1359.063 1358.528 1358.327 1358.154 1358.094 1358.01 1357.78 1357.251 1356.847 1356.535 1356.446 1356.975 1358.037 1359.559 1361.365 1363.249 1365.106 1366.963 1368.986 1371.298 1373.845 1376.378 1378.619 1380.501 1382.12 1383.534 1384.755 1385.817 1386.82 1387.821 1388.818 1389.667 1390.122 -9999
1380.913 1381.025 1381.034 1380.95 1380.629 1380.137 1379.612 1378.969 1378.234 1377.632 1376.92 1375.999 1375.009 1374.109 1373.49 1372.902 1372.099 1371.419 1370.814 1369.983 1369.009 1368.006 1367.111 1366.488 1365.937 1365.346 1364.842 1364.022 1362.747 1361.272 1359.998 1359.148 1358.94 1358.918 1358.905 1358.913 1358.864 1358.613 1358.017 1357.507 1357.123 1356.964 1357.309 1358.249 1359.675 1361.382 1363.151 1364.86 1366.554 1368.366 1370.477 1372.973 1375.663 1378.233 1380.5 1382.436 1384.034 1385.304 1386.33 1387.228 1388.107 1389.051 1389.903 1390.418 -9999
1380.406 1380.577 1380.606 1380.508 1380.293 1379.909 1379.384 1378.809 1378.08 1377.438 1376.802 1375.961 1375.008 1374.114 1373.495 1372.905 1372.121 1371.512 1370.9 1370.014 1369.012 1368.037 1367.203 1366.585 1365.898 1365.059 1364.227 1363.281 1362.151 1360.969 1359.979 1359.405 1359.314 1359.406 1359.498 1359.528 1359.438 1359.126 1358.608 1358.146 1357.817 1357.557 1357.865 1358.615 1359.863 1361.403 1363.027 1364.625 1366.212 1367.842 1369.724 1372.073 1374.815 1377.638 1380.244 1382.483 1384.319 1385.745 1386.807 1387.592 1388.252 1389.081 1389.886 1390.441 1390.983
1380.047 1380.23 1380.237 1380.067 1379.91 1379.52 1379.024 1378.48 1377.87 1377.165 1376.519 1375.831 1374.98 1374.115 1373.495 1372.905 1372.125 1371.528 1370.908 1370.01 1369.035 1368.164 1367.478 1366.804 1365.945 1364.968 1363.973 1362.953 1361.903 1360.92 1360.163 1359.823 1359.881 1360.077 1360.218 1360.21 1360.047 1359.714 1359.159 1358.803 1358.423 1358.17 1358.342 1358.971 1360.037 1361.436 1362.952 1364.453 1365.918 1367.385 1369.068 1371.231 1373.929 1376.897 1379.76 1382.255 1384.283 1385.834 1386.968 1387.787 1388.354 1389.031 1389.682 1390.219 1390.87
1379.935 1380.003 1379.962 1379.718 1379.453 1379.099 1378.658 1378.123 1377.591 1376.958 1376.221 1375.602 1374.913 1374.102 1373.474 1372.892 1372.114 1371.495 1370.883 1370.006 1369.1 1368.393 1367.773 1366.969 1366.021 1364.989 1363.935 1362.904 1361.944 1361.204 1360.807 1360.612 1360.848 1361.181 1361.374 1361.215 1360.746 1360.144 1359.646 1359.325 1359.02 1358.878 1358.913 1359.317 1360.235 1361.504 1362.914 1364.313 1365.673 1366.992 1368.477 1370.437 1373.016 1376.015 1379.046 1381.75 1383.931 1385.576 1386.773 1387.582 1388.19 1388.872 1389.436 1389.98 -9999
1379.606 1379.65 1379.574 1379.34 1379.068 1378.877 1378.416 1377.926 1377.38 1376.819 1376.078 1375.416 1374.817 1374.053 1373.38 1372.814 1372.057 1371.382 1370.799 1369.995 1369.19 1368.589 1367.943 1367.133 1366.209 1365.175 1364.107 1363.128 1362.324 1361.966 1361.892 1361.972 1362.355 1362.696 1362.783 1362.286 1361.407 1360.66 1360.143 1359.871 1359.581 1359.453 1359.467 1359.843 1360.591 1361.657 1362.902 1364.144 1365.409 1366.674 1368.023 1369.753 1372.119 1375.042 1378.158 1381.038 1383.392 1385.141 1386.366 1387.258 1387.981 1388.541 1389.048 -9999 -9999
1379.288 1379.289 1379.225 1379.013 1378.772 1378.522 1378.091 1377.626 1377.095 1376.573 1375.934 1375.189 1374.616 1373.941 1373.179 1372.602 1371.93 1371.168 1370.611 1369.994 1369.395 1368.852 1368.169 1367.466 1366.646 1365.64 1364.588 1363.754 1363.157 1363.064 1363.273 1363.594 1364.072 1364.369 1364.269 1363.484 1362.279 1361.335 1360.795 1360.424 1360.158 1360.069 1360.073 1360.24 1360.912 1361.847 1362.915 1364.013 1365.158 1366.365 1367.646 1369.186 1371.312 1374.096 1377.235 1380.261 1382.809 1384.73 1386.076 1387.031 1387.71 1388.106 -9999 -9999 -9999
1379.053 1379.012 1378.988 1378.774 1378.52 1378.259 1377.905 1377.396 1376.91 1376.364 1375.816 1375.093 1374.52 1373.893 1373.1 1372.494 1371.872 1371.098 1370.563 1370.053 1369.603 1369.076 1368.496 1367.819 1366.996 1366.055 1365.141 1364.456 1364.118 1364.267 1364.673 1365.146 1365.684 1365.966 1365.74 1364.796 1363.411 1362.247 1361.521 1361.125 1360.963 1360.883 1360.843 1360.829 1361.157 1361.935 1362.882 1363.894 1364.983 1366.097 1367.287 1368.679 1370.587 1373.221 1376.344 1379.466 1382.164 1384.242 1385.703 1386.636 1387.105 -9999 -9999 -9999 -9999
1379.001 1378.995 1378.832 1378.562 1378.263 1377.987 1377.606 1377.096 1376.629 1376.089 1375.604 1375.022 1374.483 1373.884 1373.085 1372.47 1371.881 1371.158 1370.695 1370.275 1369.897 1369.388 1368.82 1368.076 1367.358 1366.548 1365.806 1365.219 1365.065 1365.328 1365.875 1366.47 1367.068 1367.436 1367.228 1366.25 1364.766 1363.345 1362.39 1361.968 1361.774 1361.556 1361.384 1361.196 1361.41 1361.982 1362.802 1363.753 1364.873 1365.942 1367.002 1368.232 1369.975 1372.485 1375.578 1378.756 1381.54 1383.68 1385.137 1385.985 1386.381 -9999 -9999 -9999 -9999
1378.972 1378.896 1378.688 1378.382 1378.035 1377.769 1377.427 1376.994 1376.515 1376.002 1375.513 1374.997 1374.474 1373.884 1373.096 1372.505 1371.956 1371.376 1370.927 1370.485 1370.06 1369.626 1369.059 1368.365 1367.818 1367.115 1366.486 1366.066 1366.003 1366.272 1366.888 1367.53 1368.206 1368.706 1368.615 1367.7 1366.18 1364.539 1363.376 1362.799 1362.434 1362.146 1361.924 1361.655 1361.655 1362.026 1362.8 1363.748 1364.866 1365.907 1366.896 1368.011 1369.622 1372.022 1375.06 1378.25 1381.079 1383.24 1384.674 1385.464 -9999 -9999 -9999 -9999 -9999
1378.961 1378.841 1378.616 1378.314 1377.994 1377.697 1377.368 1376.979 1376.494 1375.989 1375.49 1374.989 1374.473 1373.9 1373.164 1372.624 1372.075 1371.579 1371.083 1370.702 1370.331 1369.966 1369.495 1368.92 1368.362 1367.757 1367.188 1366.905 1366.898 1367.168 1367.754 1368.342 1369.08 1369.593 1369.669 1368.922 1367.465 1365.726 1364.343 1363.531 1363.07 1362.811 1362.447 1362.078 1361.979 1362.087 1362.901 1363.874 1364.927 1365.931 1366.886 1367.945 1369.473 1371.793 1374.774 1377.934 1380.747 1382.859 1384.206 1384.968 -9999 -9999 -9999 -9999 -9999
1378.998 1378.847 1378.611 1378.312 1377.995 1377.695 1377.363 1376.978 1376.496 1375.994 1375.503 1374.996 1374.502 1373.969 1373.385 1372.894 1372.362 1371.888 1371.372 1370.954 1370.576 1370.239 1369.879 1369.365 1368.848 1368.272 1367.869 1367.592 1367.606 1367.922 1368.419 1368.978 1369.713 1370.09 1370.209 1369.68 1368.409 1366.706 1365.172 1364.179 1363.654 1363.346 1362.961 1362.563 1362.342 1362.337 1363.005 1363.941 1364.961 1365.951 1366.901 1367.944 1369.435 1371.706 1374.633 1377.735 1380.496 1382.562 1383.833 1384.468 -9999 -9999 -9999 -9999 -9999
1378.999 1378.887 1378.667 1378.37 1378.034 1377.758 1377.398 1376.987 1376.536 1376.053 1375.607 1375.085 1374.627 1374.103 1373.608 1373.09 1372.592 1372.07 1371.583 1371.089 1370.738 1370.381 1369.999 1369.648 1369.241 1368.868 1368.469 1368.182 1368.187 1368.487 1368.899 1369.271 1369.937 1370.342 1370.441 1369.992 1368.901 1367.278 1365.731 1364.736 1364.178 1363.84 1363.392 1362.981 1362.683 1362.564 1363.059 1363.95 1364.962 1365.955 1366.911 1367.957 1369.44 1371.687 1374.575 1377.617 1380.293 1382.261 1383.417 1383.928 -9999 -9999 -9999 -9999 -9999
1379.009 1378.992 1378.806 1378.547 1378.258 1377.942 1377.51 1377.057 1376.688 1376.293 1375.894 1375.399 1374.963 1374.484 1373.983 1373.458 1372.912 1372.364 1371.886 1371.379 1370.979 1370.567 1370.126 1369.982 1369.807 1369.417 1369.076 1368.912 1368.901 1369.024 1369.29 1369.589 1370.011 1370.368 1370.445 1370.025 1369 1367.466 1366.015 1365.156 1364.7 1364.154 1363.701 1363.286 1362.96 1362.769 1363.088 1363.936 1364.947 1365.948 1366.913 1367.968 1369.455 1371.697 1374.564 1377.565 1380.168 1382.024 1383.05 1383.37 1383.28 -9999 -9999 -9999 -9999
1379.231 1379.163 1379.001 1378.774 1378.517 1378.088 1377.691 1377.292 1376.94 1376.564 1376.107 1375.69 1375.287 1374.871 1374.347 1373.814 1373.161 1372.612 1372.089 1371.645 1371.253 1370.901 1370.52 1370.247 1369.994 1369.763 1369.583 1369.43 1369.388 1369.46 1369.619 1369.815 1370.011 1370.271 1370.31 1369.878 1368.817 1367.419 1366.19 1365.51 1365.022 1364.518 1364.016 1363.548 1363.107 1362.981 1363.157 1363.943 1364.937 1365.94 1366.911 1367.974 1369.469 1371.717 1374.581 1377.565 1380.129 1381.918 1382.854 1382.999 1382.823 -9999 -9999 -9999 -9999
1379.552 1379.437 1379.271 1379.04 1378.876 1378.403 1377.951 1377.558 1377.143 1376.913 1376.495 1376.034 1375.576 1375.092 1374.615 1374.089 1373.54 1372.999 1372.474 1371.993 1371.541 1371.128 1370.896 1370.516 1370.111 1370.006 1369.951 1369.758 1369.705 1369.775 1369.865 1369.993 1370.004 1370.129 1370.1 1369.587 1368.478 1367.228 1366.28 1365.835 1365.354 1364.883 1364.361 1363.914 1363.509 1363.225 1363.39 1364.011 1364.942 1365.934 1366.908 1367.976 1369.48 1371.737 1374.607 1377.586 1380.119 1381.819 1382.562 1382.557 1382.18 1381.859 -9999 -9999 -9999
1379.947 1379.764 1379.6 1379.323 1379.026 1378.615 1378.134 1377.916 1377.569 1377.266 1376.895 1376.445 1375.944 1375.477 1375.017 1374.55 1374.055 1373.501 1372.964 1372.449 1371.984 1371.591 1371.323 1370.952 1370.547 1370.315 1370.039 1369.869 1369.87 1369.988 1370.003 1370.059 1370.039 1370.003 1369.882 1369.169 1368.13 1367.127 1366.497 1366.058 1365.622 1365.106 1364.602 1364.094 1363.713 1363.446 1363.569 1364.056 1364.939 1365.925 1366.902 1367.975 1369.486 1371.751 1374.63 1377.61 1380.123 1381.756 1382.348 1382.234 1381.77 1381.172 1381.229 -9999 -9999
1380.295 1380.048 1379.925 1379.582 1379.246 1378.908 1378.475 1378.209 1377.922 1377.574 1377.153 1376.84 1376.301 1375.936 1375.523 1375.114 1374.675 1374.053 1373.492 1372.974 1372.516 1372.145 1371.871 1371.458 1371.046 1370.777 1370.346 1370.04 1370.006 1370.103 1370.16 1370.198 1370.157 1370.009 1369.71 1368.955 1367.997 1367.208 1366.877 1366.499 1366.078 1365.546 1365.005 1364.478 1364.028 1363.736 1363.74 1364.09 1364.93 1365.911 1366.894 1367.972 1369.487 1371.759 1374.645 1377.627 1380.131 1381.723 1382.219 1382.014 1381.499 1381.019 1381.411 -9999 -9999
1380.7 1380.389 1380.066 1379.738 1379.396 1379.046 1378.722 1378.463 1378.121 1377.936 1377.607 1377.329 1376.905 1376.476 1376.061 1375.704 1375.133 1374.571 1374.059 1373.563 1373.164 1372.873 1372.484 1372.044 1371.575 1371.167 1370.791 1370.489 1370.389 1370.423 1370.477 1370.51 1370.453 1370.226 1369.807 1368.966 1368.082 1367.554 1367.323 1367.029 1366.685 1366.074 1365.494 1364.953 1364.45 1364.049 1363.975 1364.173 1364.944 1365.904 1366.885 1367.966 1369.485 1371.762 1374.656 1377.643 1380.144 1381.723 1382.199 1381.989 1381.498 1381.019 1381.289 -9999 -9999
1381.177 1380.872 1380.45 1380.028 1379.671 1379.38 1379.074 1378.901 1378.586 1378.374 1378.084 1377.874 1377.464 1377.01 1376.573 1376.14 1375.619 1375.134 1374.743 1374.268 1373.98 1373.687 1373.227 1372.839 1372.348 1371.949 1371.572 1371.24 1371.081 1371.056 1371.075 1371.076 1370.972 1370.603 1370.034 1369.176 1368.368 1368.015 1367.864 1367.524 1367.078 1366.515 1365.919 1365.354 1364.861 1364.391 1364.179 1364.435 1365.028 1365.915 1366.879 1367.959 1369.483 1371.77 1374.677 1377.679 1380.189 1381.774 1382.277 1382.062 1381.593 1381.019 1381.159 -9999 -9999
1381.83 1381.412 1380.947 1380.472 1380.079 1379.871 1379.566 1379.353 1379.068 1378.902 1378.619 1378.372 1377.993 1377.563 1377.15 1376.76 1376.201 1375.785 1375.422 1375.094 1374.847 1374.475 1374.105 1373.831 1373.452 1373.06 1372.74 1372.429 1372.199 1372.112 1372.077 1371.996 1371.773 1371.227 1370.607 1369.784 1369.058 1368.623 1368.366 1367.988 1367.491 1366.879 1366.182 1365.59 1365.014 1364.586 1364.364 1364.691 1365.098 1365.92 1366.869 1367.95 1369.484 1371.789 1374.724 1377.765 1380.314 1381.951 1382.555 1382.419 1381.859 1381.072 1381.019 -9999 -9999
1382.497 1382.031 1381.518 1381.033 1380.607 1380.337 1380.049 1379.879 1379.603 1379.409 1379.149 1378.919 1378.55 1378.162 1377.825 1377.372 1376.845 1376.343 1376.117 1375.949 1375.7 1375.28 1375.047 1374.903 1374.671 1374.324 1374.073 1373.844 1373.616 1373.491 1373.376 1373.147 1372.764 1372.071 1371.271 1370.463 1369.861 1369.299 1368.923 1368.429 1367.863 1367.174 1366.509 1365.842 1365.148 1364.752 1364.531 1364.78 1365.149 1365.93 1366.86 1367.94 1369.485 1371.817 1374.799 1377.912 1380.542 1382.279 1382.986 1382.932 1382.36 1381.705 1381.019 -9999 -9999
1383.271 1382.813 1382.231 1381.754 1381.245 1380.943 1380.601 1380.384 1380.17 1380.047 1379.84 1379.516 1379.156 1378.841 1378.431 1377.969 1377.498 1377.126 1376.971 1376.791 1376.467 1376.152 1376.031 1375.979 1375.87 1375.661 1375.503 1375.343 1375.139 1374.988 1374.797 1374.453 1373.909 1373.128 1372.241 1371.412 1370.788 1370.094 1369.471 1368.795 1368.135 1367.516 1366.822 1366.037 1365.382 1364.955 1364.688 1364.954 1365.338 1366 1366.872 1367.931 1369.482 1371.837 1374.862 1378.045 1380.766 1382.596 1383.41 1383.472 1383.043 1382.389 1381.624 -9999 -9999
1384.212 1383.744 1383.126 1382.597 1382.1 1381.746 1381.292 1381.088 1380.985 1380.855 1380.524 1380.154 1379.838 1379.437 1378.993 1378.547 1378.16 1377.929 1377.786 1377.508 1377.202 1377.05 1377.016 1377.017 1376.997 1376.94 1376.877 1376.783 1376.624 1376.465 1376.199 1375.781 1375.122 1374.292 1373.317 1372.38 1371.586 1370.727 1369.879 1369.06 1368.41 1367.805 1366.993 1366.174 1365.552 1365.025 1364.831 1365.017 1365.508 1366.118 1366.917 1367.935 1369.472 1371.837 1374.886 1378.107 1380.885 1382.779 1383.703 1383.873 1383.544 1382.756 1381.703 -9999 -9999
