auxillary_inputs/dems/sew/initial_conditions/pg24f_14etch.txt
ncols         436
nrows         413
xllcorner     1121548.2005005
yllcorner     886503.6505127
cellsize      24
NODATA_value  -9999
[rows 203 to 231 of 413, columns 195 to 259 of 436]
1557.452 1555.404 1553.34 1551.321 1549.394 1547.49 1545.625 1543.88 1542.382 1541.075 1539.859 1538.722 1537.654 1536.63 1535.595 1534.532 1533.446 1532.423 1531.401 1530.446 1529.987 1529.817 1530.089 1530.867 1532.152 1533.922 1536.141 1538.814 1541.86 1545.148 1548.448 1555.266 1561.789 1566.07 1568.624 1569.495 1569.822 1569.952 1569.742 1568.885 1568.343 1567.866 1567.045 1566.089 1565.009 1564.188 1563.331 1562.535 1561.758 1561.086 1560.414 1559.757 1558.854 1558.122 1557.231 1556.364 1555.41 1554.311 1553.011 1551.418 1549.695 1547.771 1545.951 1544.166 1542.355
1555.852 1553.934 1552.031 1550.158 1548.316 1546.512 1544.762 1543.082 1541.735 1540.559 1539.446 1538.422 1537.492 1536.532 1535.514 1534.542 1533.61 1532.743 1532.037 1531.453 1531.348 1531.503 1532.195 1533.469 1535.251 1537.521 1540.148 1543.089 1546.232 1549.5 1555.901 1562.541 1567.405 1570.13 1571.617 1572.001 1572.174 1571.984 1571.367 1570.348 1570.028 1569.756 1568.813 1567.925 1566.921 1566.074 1565.191 1564.344 1563.539 1562.81 1562.092 1561.295 1560.423 1559.802 1558.909 1558.204 1557.271 1556.124 1554.525 1552.538 1550.541 1548.877 1547.184 1545.415 1543.571
1554.328 1552.546 1550.824 1549.053 1547.314 1545.61 1543.928 1542.368 1541.084 1540.043 1539.047 1538.138 1537.289 1536.34 1535.419 1534.589 1533.75 1533.173 1532.741 1532.478 1532.674 1533.315 1534.544 1536.426 1538.777 1541.515 1544.465 1547.545 1550.674 1557.143 1564.083 1568.76 1571.664 1573.155 1574.011 1574.268 1574.263 1573.944 1573.256 1572.378 1571.795 1571.195 1570.255 1569.713 1568.78 1567.921 1567.041 1566.198 1565.363 1564.564 1563.773 1562.927 1562.048 1561.175 1560.21 1559.833 1558.925 1557.894 1556.088 1553.873 1551.878 1550.174 1548.483 1546.712 1544.815
1552.881 1551.145 1549.519 1547.91 1546.316 1544.756 1543.221 1541.834 1540.642 1539.716 1538.844 1537.916 1536.981 1536.11 1535.287 1534.495 1533.964 1533.638 1533.503 1533.619 1534.161 1535.341 1537.197 1539.729 1542.632 1545.747 1548.91 1552.04 1559.125 1565.816 1570.583 1573.504 1574.953 1575.417 1576.031 1576.319 1576.267 1575.934 1575.247 1574.422 1573.661 1572.879 1572.046 1571.382 1570.567 1569.692 1568.842 1568.033 1567.174 1566.324 1565.463 1564.574 1563.674 1562.776 1561.81 1561.128 1560.223 1559.519 1557.558 1555.244 1553.233 1551.469 1549.833 1548.154 1546.132
1551.456 1549.763 1548.221 1546.75 1545.262 1543.804 1542.489 1541.283 1540.27 1539.472 1538.705 1537.796 1536.839 1535.978 1535.177 1534.582 1534.199 1534.082 1534.287 1534.777 1535.818 1537.637 1540.174 1543.273 1546.606 1549.977 1554.001 1561.809 1567.847 1572.463 1575.618 1577.234 1577.802 1577.853 1578.07 1578.229 1578.2 1577.919 1577.188 1576.379 1575.53 1574.662 1573.929 1573.196 1572.338 1571.436 1570.625 1569.825 1568.92 1568.04 1567.144 1566.224 1565.302 1564.368 1563.386 1562.549 1561.613 1560.211 1558.628 1556.677 1554.692 1552.93 1551.205 1549.562 1547.44
1550.158 1548.483 1547.017 1545.67 1544.327 1542.934 1541.783 1540.785 1539.996 1539.293 1538.545 1537.744 1536.885 1536.02 1535.245 1534.723 1534.555 1534.657 1535.233 1536.217 1537.876 1540.366 1543.467 1546.965 1550.565 1554.678 1563.346 1569.734 1574.25 1577.249 1579.331 1580.06 1580.135 1580.057 1580.032 1580.042 1580.012 1579.8 1578.911 1578.185 1577.307 1576.45 1575.77 1575.004 1574.136 1573.244 1572.392 1571.523 1570.589 1569.746 1568.778 1567.823 1566.885 1565.931 1564.932 1563.927 1562.735 1561.256 1559.782 1558.216 1556.355 1554.409 1552.575 1550.68 1548.743
1549.096 1547.563 1546.181 1544.924 1543.69 1542.458 1541.471 1540.52 1539.775 1539.086 1538.378 1537.633 1536.925 1536.11 1535.591 1535.256 1535.299 1535.573 1536.473 1538.048 1540.383 1543.438 1546.941 1550.678 1554.413 1563.21 1570.638 1575.649 1578.756 1580.217 1581.533 1582.11 1582.181 1582.075 1581.948 1581.818 1581.609 1581.178 1580.229 1579.806 1578.896 1578.259 1577.568 1576.774 1575.903 1575.021 1574.157 1573.25 1572.296 1571.348 1570.361 1569.38 1568.444 1567.475 1566.459 1565.352 1564.018 1562.538 1560.916 1559.722 1558.175 1556.315 1554.307 1552.19 1550.174
1548.391 1546.962 1545.661 1544.482 1543.353 1542.261 1541.27 1540.422 1539.703 1539.049 1538.363 1537.661 1536.996 1536.464 1536.213 1536.111 1536.297 1536.909 1538.284 1540.458 1543.328 1546.771 1550.496 1554.314 1561.378 1569.911 1576.25 1579.882 1581.602 1581.989 1583.092 1583.72 1583.906 1583.859 1583.721 1583.528 1583.224 1582.685 1581.88 1581.163 1580.576 1580.059 1579.32 1578.51 1577.631 1576.781 1576.136 1575.207 1574.094 1572.984 1571.964 1570.949 1570.03 1569.034 1568.056 1567.005 1565.714 1564.051 1562.429 1561.264 1559.889 1558.15 1556.176 1554.157 1552.084
1547.944 1546.584 1545.362 1544.247 1543.194 1542.174 1541.224 1540.461 1539.727 1539.183 1538.567 1537.889 1537.333 1537.071 1537.02 1537.201 1537.702 1538.771 1540.674 1543.319 1546.553 1550.219 1554.052 1559.461 1568.25 1575.246 1580.188 1582.963 1584.042 1584.087 1584.799 1585.302 1585.498 1585.49 1585.376 1585.197 1584.931 1584.416 1583.703 1582.874 1582.388 1581.767 1580.998 1580.209 1579.314 1578.593 1578.131 1577.103 1575.949 1574.799 1573.645 1572.634 1571.652 1570.621 1569.797 1568.754 1567.628 1565.915 1564.197 1562.762 1561.254 1559.66 1557.819 1556.055 1554.07
1547.92 1546.532 1545.345 1544.296 1543.323 1542.374 1541.474 1540.655 1539.929 1539.439 1538.982 1538.326 1538.057 1537.956 1538.074 1538.56 1539.484 1541.096 1543.483 1546.462 1549.885 1553.618 1557.715 1566.608 1573.915 1579.522 1583.327 1585.476 1586.342 1586.507 1586.719 1586.948 1587.052 1587.036 1586.95 1586.821 1586.635 1586.261 1585.662 1584.789 1584.174 1583.475 1582.672 1581.814 1580.901 1580.084 1579.772 1578.603 1577.566 1576.666 1575.72 1574.631 1573.529 1572.365 1571.431 1570.309 1569.44 1567.517 1565.705 1564.023 1562.253 1560.368 1559.002 1557.766 1555.838
1547.852 1546.52 1545.408 1544.451 1543.575 1542.649 1541.727 1540.947 1540.27 1539.856 1539.402 1539.242 1539.132 1539.144 1539.415 1540.164 1541.496 1543.579 1546.33 1549.569 1553.12 1556.862 1564.742 1572.215 1578.246 1582.676 1585.677 1587.411 1588.204 1588.49 1588.427 1588.526 1588.557 1588.531 1588.48 1588.418 1588.347 1588.166 1587.717 1586.781 1585.926 1585.185 1584.337 1583.439 1582.509 1581.615 1580.721 1579.812 1578.921 1578.391 1577.832 1576.851 1575.719 1574.395 1573.186 1571.948 1570.245 1568.458 1566.963 1565.377 1563.622 1561.813 1560.239 1559.396 1557.285
1547.763 1546.517 1545.52 1544.693 1543.871 1542.902 1541.984 1541.239 1540.766 1540.474 1540.156 1540.092 1540.156 1540.348 1540.867 1541.941 1543.662 1546.086 1549.095 1552.487 1556.085 1562.137 1570.003 1576.283 1581.099 1584.798 1587.271 1588.697 1589.401 1589.924 1589.972 1589.994 1590.008 1590.011 1590.017 1590.023 1590.035 1590.007 1589.732 1588.663 1587.643 1586.866 1585.995 1585.085 1584.134 1583.181 1582.236 1581.313 1580.49 1579.992 1579.778 1578.805 1577.757 1576.173 1574.72 1573.139 1571.451 1569.903 1568.397 1566.946 1565.311 1563.466 1561.747 1560.036 1558.249
1547.667 1546.538 1545.678 1544.95 1544.144 1543.19 1542.276 1541.563 1541.221 1541.091 1541.039 1541.146 1541.324 1541.674 1542.436 1543.786 1545.795 1548.444 1551.617 1555.11 1558.907 1567.201 1574.141 1579.377 1583.348 1586.328 1588.312 1589.408 1589.72 1590.044 1590.678 1591.115 1591.404 1591.563 1591.678 1591.744 1591.744 1591.608 1591.162 1590.241 1589.652 1588.549 1587.647 1586.723 1585.75 1584.769 1583.815 1582.917 1582.103 1581.374 1580.988 1580.136 1579.468 1577.576 1576.114 1574.469 1572.961 1571.389 1569.972 1568.617 1567.239 1565.224 1563.499 1561.75 1560.108
1547.634 1546.614 1545.818 1545.142 1544.434 1543.501 1542.622 1541.99 1541.905 1542.082 1542.26 1542.452 1542.703 1543.179 1544.131 1545.677 1547.891 1550.71 1553.985 1557.525 1562.925 1570.704 1577.14 1581.392 1584.859 1587.363 1588.988 1589.954 1590.055 1590.793 1591.607 1592.277 1592.814 1593.151 1593.377 1593.484 1593.444 1593.204 1592.696 1591.917 1591.137 1590.19 1589.279 1588.354 1587.362 1586.365 1585.415 1584.534 1583.713 1582.878 1582.207 1581.264 1580.16 1578.845 1577.717 1576.105 1574.604 1573.08 1571.642 1570.276 1569.235 1567.125 1565.386 1563.704 1562.072
1547.708 1546.719 1545.887 1545.312 1544.673 1543.807 1543.068 1542.733 1542.898 1543.307 1543.639 1543.948 1544.331 1544.96 1546.076 1547.801 1550.024 1552.875 1556.187 1559.777 1565.907 1573.037 1578.916 1582.925 1585.973 1588.105 1589.356 1590.09 1590.933 1592 1592.829 1593.576 1594.258 1594.756 1595.083 1595.221 1595.143 1594.822 1594.273 1593.514 1592.63 1591.798 1590.876 1589.982 1588.97 1587.965 1587.028 1586.161 1585.324 1584.474 1583.653 1582.674 1581.513 1580.322 1579.61 1578.05 1576.316 1574.826 1573.379 1571.952 1570.362 1568.825 1567.308 1565.767 1564.44
1547.845 1546.871 1546.099 1545.456 1544.768 1544.132 1543.845 1543.737 1544.058 1544.644 1545.171 1545.711 1546.332 1547.2 1548.472 1550.242 1552.456 1555.125 1558.355 1561.902 1567.406 1574.119 1579.641 1583.687 1586.726 1588.861 1590.076 1591.114 1592.192 1593.274 1594.149 1594.933 1595.701 1596.355 1596.772 1596.933 1596.822 1596.422 1595.85 1595.116 1594.249 1593.422 1592.514 1591.578 1590.571 1589.57 1588.657 1587.788 1586.948 1586.132 1585.361 1584.41 1583.329 1582.251 1581.309 1579.9 1578.136 1576.607 1575.154 1573.631 1572.065 1570.645 1569.529 1568.248 1567.06
1548.012 1547.086 1546.366 1545.693 1545.16 1544.806 1544.679 1544.717 1545.135 1545.913 1546.699 1547.568 1548.516 1549.713 1551.185 1552.991 1555.167 1557.731 1560.703 1564.078 1568.273 1574.57 1579.84 1583.997 1587.237 1589.694 1591.142 1592.421 1593.658 1594.755 1595.593 1596.292 1597.119 1597.848 1598.404 1598.57 1598.437 1597.924 1597.369 1596.725 1595.857 1595.046 1594.165 1593.217 1592.211 1591.207 1590.324 1589.428 1588.595 1587.951 1587.171 1586.281 1585.263 1584.209 1583.085 1581.662 1579.982 1578.416 1577.035 1575.546 1574.057 1572.612 1571.463 1570.23 1569.314
1548.316 1547.497 1546.802 1546.242 1545.866 1545.645 1545.672 1545.811 1546.313 1547.271 1548.367 1549.581 1550.865 1552.382 1554.11 1556.014 1558.145 1560.584 1563.349 1566.46 1569.827 1575.211 1580.114 1584.267 1587.526 1589.998 1591.968 1593.675 1595.183 1596.371 1597.068 1597.56 1598.484 1599.163 1599.901 1600.023 1599.897 1599.199 1598.76 1598.313 1597.496 1596.664 1595.81 1594.887 1593.903 1592.913 1591.982 1591.078 1590.281 1589.771 1588.877 1588.114 1587.144 1586.135 1584.941 1583.521 1581.949 1580.427 1579.487 1577.95 1576.446 1574.87 1573.507 1571.944 1570.388
1548.776 1548.002 1547.397 1547.021 1546.744 1546.639 1546.767 1547.068 1547.784 1548.93 1550.297 1551.799 1553.405 1555.196 1557.124 1559.171 1561.315 1563.644 1566.224 1569.133 1572.241 1576.801 1581.121 1585.11 1588.22 1590.527 1592.87 1594.924 1596.712 1598.079 1598.591 1598.836 1599.781 1600.243 1600.998 1601.193 1600.901 1600.35 1600.056 1599.843 1599.002 1598.281 1597.445 1596.563 1595.629 1594.663 1593.719 1592.821 1591.986 1591.162 1590.27 1589.794 1588.841 1587.998 1586.813 1585.453 1584.061 1582.728 1581.593 1580.215 1579.041 1577.12 1575.541 1573.891 1572.161
1549.464 1548.778 1548.285 1547.919 1547.746 1547.793 1548.098 1548.679 1549.583 1550.896 1552.452 1554.199 1556.057 1558.097 1560.223 1563.123 1565.216 1567.248 1569.313 1572.13 1575.73 1579.622 1583.347 1586.905 1589.789 1592.04 1594.211 1596.216 1598.084 1599.684 1599.984 1600.017 1600.613 1601.871 1602.483 1602.623 1602.33 1601.923 1601.617 1601.175 1600.546 1599.879 1599.061 1598.305 1597.641 1596.535 1595.506 1594.594 1593.722 1592.868 1591.986 1591.172 1590.235 1589.748 1588.561 1587.281 1586.099 1584.885 1583.616 1582.07 1580.388 1578.785 1577.538 1576.052 1574.366
1550.34 1549.756 1549.302 1548.99 1548.896 1549.069 1549.555 1550.378 1551.523 1552.994 1554.729 1556.665 1558.761 1561.118 1565.127 1568.206 1570.159 1572.054 1574.199 1576.998 1579.654 1582.627 1585.804 1589.021 1591.571 1593.751 1595.707 1597.387 1598.909 1600.132 1600.998 1601.552 1602.292 1603.538 1604.189 1604.303 1604.008 1603.565 1603.243 1602.773 1602.151 1601.436 1600.631 1600.002 1599.686 1598.511 1597.296 1596.377 1595.486 1594.604 1593.713 1592.808 1591.906 1591.121 1590.002 1588.859 1588 1586.929 1585.702 1584.085 1582.262 1580.556 1579.661 1578.31 1576.806
1551.381 1550.827 1550.417 1550.214 1550.204 1550.492 1551.165 1552.245 1553.622 1555.25 1557.133 1559.249 1561.51 1565.081 1569.017 1571.762 1573.664 1575.438 1577.476 1579.965 1582.482 1585.154 1587.93 1590.669 1593.315 1595.572 1597.417 1598.739 1600.066 1601.335 1602.407 1603.306 1604.268 1605.346 1606.106 1606.151 1605.822 1605.273 1604.899 1604.397 1603.767 1603.038 1602.266 1601.606 1601.046 1599.994 1598.962 1598.115 1597.233 1596.378 1595.491 1594.608 1593.601 1592.574 1591.395 1590.25 1589.775 1588.784 1587.791 1586.208 1584.454 1582.819 1581.619 1580.32 1579.118
1552.566 1551.98 1551.603 1551.54 1551.67 1552.071 1552.888 1554.236 1555.826 1557.604 1559.614 1561.893 1564.274 1568.453 1571.95 1574.435 1576.195 1577.838 1579.735 1582.175 1584.819 1587.537 1590.266 1592.978 1595.476 1597.697 1599.513 1600.463 1601.804 1603.067 1604.161 1605.173 1606.217 1607.214 1608.029 1608.035 1607.502 1606.991 1606.567 1606.058 1605.392 1604.658 1603.89 1603.21 1602.412 1601.44 1600.571 1599.786 1598.908 1598.146 1597.258 1596.362 1595.31 1594.195 1593.069 1591.915 1591.13 1590.149 1589.587 1588.042 1586.464 1584.848 1583.458 1582.112 1580.298
1553.807 1553.206 1552.845 1552.909 1553.238 1553.801 1554.777 1556.315 1558.13 1560.066 1562.238 1564.602 1567.137 1571.234 1574.519 1576.831 1578.389 1579.943 1581.604 1584.358 1587.274 1590.192 1593.086 1595.761 1597.973 1600.024 1601.714 1602.899 1604.126 1605.194 1606.104 1607.035 1608.074 1608.935 1609.846 1609.844 1609.03 1608.668 1608.317 1607.959 1607.244 1606.492 1605.683 1604.872 1603.961 1603.046 1602.205 1601.379 1600.51 1599.796 1598.87 1598.091 1597.008 1595.833 1594.722 1593.557 1592.517 1591.294 1590.162 1589.122 1588.068 1586.442 1584.907 1583.313 1581.507
1555.208 1554.538 1554.15 1554.266 1554.733 1555.661 1556.862 1558.501 1560.456 1562.612 1564.968 1567.472 1570.809 1574.581 1577.405 1579.53 1580.907 1582.793 1584.89 1587.463 1590.373 1593.386 1596.332 1598.967 1600.782 1602.707 1604.277 1605.55 1606.764 1607.559 1608.079 1608.799 1609.761 1610.278 1610.941 1610.947 1610.657 1610.371 1610.001 1609.789 1608.924 1608.235 1607.387 1606.556 1605.621 1604.681 1603.849 1603.01 1602.156 1601.29 1600.368 1599.765 1598.618 1597.415 1596.313 1595.135 1593.936 1592.6 1591.289 1590.161 1589.537 1587.661 1586.046 1584.349 1582.44
1556.595 1555.833 1555.481 1555.581 1556.106 1557.233 1558.761 1560.649 1562.802 1565.199 1567.741 1570.349 1574.422 1578.039 1580.434 1582.526 1584.254 1586.382 1588.817 1591.236 1594.173 1597.001 1599.787 1602.206 1604.069 1605.799 1607.067 1608.182 1609.44 1609.901 1610.017 1610.844 1611.671 1612.225 1612.563 1612.654 1612.496 1612.187 1611.72 1611.131 1610.389 1609.813 1608.921 1608.206 1607.289 1606.375 1605.542 1604.695 1603.831 1602.931 1601.987 1601.174 1600.026 1598.947 1597.999 1596.845 1595.511 1594.082 1592.683 1591.335 1590.151 1588.719 1587.19 1585.502 1583.603
1557.831 1557.042 1556.709 1556.875 1557.474 1558.828 1560.641 1562.825 1565.226 1567.82 1570.548 1573.596 1577.635 1580.847 1583.497 1585.795 1587.778 1590.158 1592.778 1595.494 1598.41 1600.866 1603.428 1605.72 1607.536 1609.178 1609.967 1610.549 1611.522 1611.988 1612.23 1613.089 1613.81 1614.325 1614.619 1614.689 1614.477 1614.116 1613.594 1612.963 1612.22 1611.419 1610.557 1609.795 1608.946 1608.142 1607.32 1606.47 1605.58 1604.684 1603.797 1602.77 1601.563 1600.475 1599.745 1598.524 1597.118 1595.637 1594.137 1592.699 1591.35 1589.979 1588.502 1586.883 1585.158
1558.995 1558.276 1557.912 1558.051 1558.887 1560.534 1562.627 1565.063 1567.717 1570.514 1573.38 1577.132 1580.918 1584.057 1586.789 1589.29 1591.412 1594.123 1596.8 1599.613 1602.406 1604.947 1607.32 1609.518 1611.015 1612.376 1613.087 1613.547 1614.031 1614.328 1614.697 1615.469 1616.094 1616.548 1616.806 1617.055 1616.659 1616.165 1615.613 1614.955 1614.206 1613.378 1612.503 1611.656 1610.804 1610.035 1609.203 1608.35 1607.434 1606.566 1605.721 1604.556 1603.342 1602.248 1601.268 1600.014 1598.626 1597.154 1595.611 1594.103 1592.688 1591.334 1589.976 1588.552 1587.072
1560.003 1559.402 1559.06 1559.251 1560.401 1562.32 1564.706 1567.391 1570.26 1573.253 1576.258 1580.41 1584.393 1587.438 1590.175 1592.837 1595.438 1598.319 1600.803 1603.549 1606.362 1609.074 1611.372 1613.7 1615.194 1616.14 1616.594 1616.832 1616.933 1617.01 1617.289 1617.965 1618.489 1618.855 1619.068 1619.423 1618.797 1618.352 1617.799 1617.12 1616.369 1615.544 1614.663 1613.785 1612.924 1612.09 1611.215 1610.35 1609.381 1608.406 1607.671 1606.277 1605.014 1603.853 1602.693 1601.396 1600.008 1598.566 1596.971 1595.419 1593.991 1592.679 1591.437 1590.248 1589.375
