auxillary_inputs/dems/sew/modern/dem24fil_ext.txt
ncols         436
nrows         413
xllcorner     1121548.2005005
yllcorner     886503.65051269
cellsize      24
NODATA_value  -9999
[rows 145 to 173 of 413, columns 130 to 194 of 436]
1712.665 1711.673 1710.688 1710.094 1708.148 1706.541 1704.504 1702.05 1700.379 1698.176 1695.461 1692.003 1688.058 1683.37 1679.028 1675.45 1670.977 1668.285 1666.652 1663.73 1660.668 1658.119 1656.479 1655.017 1652.469 1649.656 1646.256 1640.649 1636.984 1633.616 1626.314 1616.256 1609.473 1605.787 1602.105 1599.218 1596.096 1595.227 1594.73 1592.573 1590.365 1588.172 1587.38 1585.827 1582.237 1579.21 1577.673 1576.383 1573.674 1572.823 1570.084 1569.807 1568.025 1565.707 1564.644 1563.868 1566.238 1570.881 1572.428 1571.731 1568.965 1563.939 1563.85 1563.308 1561.695
1712.828 1710.825 1709.76 1709.444 1707.933 1707.004 1705.115 1702.323 1699.548 1695.896 1692.841 1689.995 1685.274 1679.545 1677.04 1673.103 1669.468 1666.825 1664.472 1662.005 1659.175 1657.416 1653.654 1652.684 1649.736 1645.321 1641.902 1635.996 1629.247 1626.095 1618.862 1610.518 1605.276 1600.915 1597.229 1594.367 1593.013 1592.472 1591.485 1590.668 1588.879 1586.934 1584.894 1585.178 1580.504 1577.346 1575.592 1573.812 1573.503 1572.314 1575.714 1571.973 1570.993 1569.933 1569.437 1569.01 1572.647 1574.701 1574.084 1572.772 1571.178 1566.394 1566.161 1565.388 1563.463
1711.556 1709.96 1709.607 1708.124 1706.93 1705.914 1704.814 1702.077 1700.539 1696.772 1693.182 1689.494 1684.376 1677.995 1672.816 1669.977 1667.708 1664.128 1661.224 1659.53 1657.353 1653.893 1651.923 1648.158 1645.281 1641.454 1636.921 1631.595 1624.633 1618.222 1611.844 1606.011 1602.233 1599.646 1607.447 1610.27 1608.377 1599.393 1597.581 1596.981 1596.557 1590.672 1584.931 1582.898 1579.665 1577.398 1587.034 1586.608 1585.179 1582.201 1579.6 1577.526 1577.813 1576.091 1577.066 1577.697 1578.322 1577.213 1575.276 1574.184 1572.561 1569.825 1567.926 1566.677 1564.537
1709.658 1708.233 1706.84 1706.105 1704.911 1703.124 1701.27 1699.359 1698.788 1697.655 1695.165 1691.223 1685.402 1678.509 1671.245 1666.573 1664.596 1660.78 1659.037 1656.991 1654.534 1651.918 1649.469 1646.328 1641.675 1637.786 1633.461 1627.272 1620.61 1613.652 1608.489 1603.606 1607.043 1612.133 1615.537 1616.993 1616.029 1613.231 1611.221 1606.722 1603.504 1598.7 1589.548 1583.726 1585.447 1592.252 1592.966 1591.028 1589.088 1587.2 1585.181 1584.124 1583.529 1583.503 1582.309 1581.988 1580.822 1579.004 1576.98 1575.736 1573.341 1571.624 1569.284 1568.014 1566.188
1704.826 1704.053 1701.547 1699.984 1700.066 1698.785 1696.381 1694.909 1693.892 1694.612 1694.028 1690.744 1685.607 1677.819 1670.8 1664.762 1659.756 1658.404 1656.079 1653.831 1651.614 1649.107 1646.475 1643.235 1638.929 1634.905 1630.603 1624.282 1617.741 1611.62 1604.734 1606.705 1614.906 1619.796 1622.048 1622.353 1621.562 1618.441 1615.788 1612.972 1609.363 1603.751 1598.448 1598.171 1597.717 1597.159 1595.12 1592.599 1591.133 1590.03 1588.636 1588.896 1587.333 1586.553 1585.828 1584.822 1582.958 1581.134 1578.797 1577.381 1575.183 1573.533 1570.49 1569.25 1566.912
1704.68 1702.337 1701.305 1698.661 1696.072 1693.654 1692.825 1690.349 1684.459 1686.736 1688.067 1687.357 1682.069 1672.734 1664.666 1662.924 1657.176 1653.601 1653.22 1651.622 1648.291 1646.187 1642.945 1640.042 1635.893 1632.016 1626.446 1621.989 1616.128 1611.466 1609.94 1613.626 1623.199 1625.102 1625.653 1624.281 1622.79 1620.513 1618.31 1614.617 1611.777 1607.677 1604.37 1603.021 1600.48 1598.621 1595.921 1594.003 1593.233 1592.348 1591.532 1590.048 1588.804 1588.44 1587.69 1586.181 1584.527 1583.135 1581.277 1578.727 1577.85 1574.883 1571.277 1570.17 1567.183
1711.034 1709.239 1708.039 1707.384 1704.965 1702.574 1701.264 1697.364 1693.053 1684.327 1674.959 1678.063 1673.778 1666.366 1659.755 1655.609 1652.763 1648.389 1647.833 1647.777 1644.552 1642.147 1639.1 1636.677 1633.027 1627.745 1620.276 1614.076 1612.543 1612.042 1611.734 1622.073 1629.471 1629.5 1628.445 1626.525 1624.977 1622.26 1620.069 1617.112 1614.919 1612.313 1608.426 1605.196 1602.233 1599.688 1598.07 1595.646 1594.799 1594.002 1593.6 1592.164 1590.177 1589.749 1588.911 1587.398 1586.269 1584.36 1582.565 1580.033 1578.506 1576.305 1572.372 1571.41 1568.691
1714.752 1711.992 1710.718 1709.182 1707.927 1706.124 1703.554 1701.667 1697.562 1691.434 1683.068 1673.714 1666.341 1655.452 1654.978 1650.287 1646.094 1643.136 1640.781 1642.136 1640.71 1637.873 1635.153 1632.835 1629.24 1624.507 1615.995 1615.882 1617.606 1619.1 1621.877 1629.457 1633.95 1632.679 1630.43 1628.88 1626.823 1625.043 1622.648 1620.387 1617.609 1615.557 1612.083 1608.16 1604.561 1602.378 1601.252 1598.361 1597.567 1596.315 1595.159 1593.485 1592.099 1590.821 1589.096 1588.519 1587.72 1586.224 1584.279 1581.421 1579.474 1577.398 1573.891 1572.221 1569.302
1714.633 1713.03 1711.53 1709.543 1707.958 1706.524 1704.388 1701.485 1699.114 1695.118 1689.432 1683.092 1675.344 1666.464 1657.732 1645.277 1641.328 1639.596 1636.265 1635.272 1633.544 1632.599 1630.832 1628.85 1626.795 1622.834 1618.107 1620.925 1624.163 1626.993 1629.755 1634.927 1637.081 1635.402 1632.599 1630.415 1628.594 1626.551 1625.002 1623.13 1619.877 1618.598 1615.606 1612.277 1609.365 1605.987 1602.98 1601.89 1600.241 1598.168 1596.585 1595.048 1593.499 1592.741 1591.527 1590.445 1589.884 1588.024 1584.839 1582.692 1579.998 1577.304 1573.809 1572.146 1570.825
1714.362 1712.696 1710.885 1709.099 1707.861 1706.169 1704.37 1702.114 1699.291 1695.694 1690.392 1681.953 1673.61 1665.135 1660.478 1651.224 1640.758 1634.928 1633.497 1632.385 1631.514 1629.798 1626.695 1625.326 1623.79 1620.913 1619.367 1626.786 1630.966 1633.002 1637.283 1639.515 1639.071 1636.395 1634.133 1632.757 1630.634 1628.964 1626.612 1624.286 1622.125 1620.215 1618.112 1615.752 1612.729 1609.179 1606.393 1604.626 1602.179 1599.806 1598.13 1596.622 1595.075 1593.757 1592.067 1590.484 1589.382 1587.354 1585.681 1582.958 1581.042 1578.597 1575.29 1571.282 1570.021
1712.686 1710.455 1708.671 1706.702 1705.545 1704.025 1702.239 1699.76 1696.655 1693.709 1686.914 1677.82 1669.378 1662.676 1655.427 1646.668 1636.004 1639.499 1635.934 1631.519 1628.402 1628.402 1626.834 1624.322 1622.929 1622.981 1627.807 1635.519 1638.23 1640.71 1642.38 1642.127 1639.947 1637.55 1636.031 1634.352 1632.758 1630.486 1628.276 1625.724 1623.851 1621.567 1619.258 1616.958 1614.754 1611.628 1608.693 1606.807 1604.119 1601.875 1600.15 1597.77 1596.368 1594.648 1592.878 1591.249 1590.005 1587.948 1586.15 1583.773 1581.076 1577.876 1575.326 1572.151 1569.522
1708.099 1706.367 1702.611 1701.601 1698.992 1696.588 1695.97 1694.611 1691.279 1687.629 1680.295 1671.619 1663.286 1656.598 1649.601 1641.853 1643.186 1642.168 1640.108 1635.592 1631.566 1632.251 1635.792 1633.263 1634.473 1634.509 1639.068 1641.905 1644.81 1645.993 1644.673 1643.354 1641.123 1638.682 1637.084 1636.342 1634.657 1632.74 1630.197 1627.57 1625.374 1622.496 1620.103 1617.733 1616.07 1613.339 1610.69 1608.54 1606.079 1603.54 1600.783 1598.856 1596.87 1595.399 1593.163 1591.696 1591.089 1589.113 1587.311 1584.37 1580.892 1577.614 1574.537 1571.866 1568.78
1706.264 1700.987 1695.961 1691.705 1690.188 1687.974 1686.416 1685.731 1684.081 1678.133 1671.998 1664.727 1658.497 1651.029 1646.282 1641.853 1647.676 1647.564 1646.466 1645.664 1642.927 1643.538 1643.422 1643.435 1644.823 1644.738 1647.474 1648.707 1649.639 1649.065 1647.034 1644.423 1641.911 1640.238 1638.999 1637.706 1636.037 1633.912 1631.323 1628.605 1626.142 1623.925 1621.316 1618.922 1616.759 1614.48 1611.991 1609.687 1607.526 1604.586 1602.358 1600.034 1597.732 1595.861 1594.612 1592.352 1591.225 1589.366 1587.845 1584.702 1580.942 1577.616 1574.319 1571.394 1568.645
1702.296 1697.805 1689.937 1685.382 1681.417 1679.105 1677.565 1675.989 1672.806 1667.677 1663.539 1657.663 1653.101 1649.55 1645.868 1655.305 1657.165 1655.599 1654.562 1652.933 1652.508 1651.336 1649.452 1653.044 1652.745 1652.922 1653.323 1652.735 1651.96 1650.036 1647.653 1645.404 1643.346 1641.667 1640.215 1639.025 1636.938 1635.108 1632.183 1629.56 1626.963 1624.749 1622.217 1620.292 1617.442 1615.244 1613.273 1610.728 1608.475 1605.765 1603.67 1601.083 1598.856 1596.532 1594.699 1592.748 1591.193 1590.224 1587.986 1584.495 1580.729 1577.16 1574.239 1571.211 1569.456
1696.515 1693.87 1685.616 1680.097 1677.268 1675.217 1671.842 1669.808 1665.318 1658.943 1657.281 1652.899 1652.899 1658.001 1661.434 1663.82 1665.861 1664.358 1662.797 1661.657 1659.904 1658.62 1656.116 1659.153 1658.216 1657.167 1656.285 1655.165 1652.87 1650.803 1648.44 1646.688 1644.733 1642.749 1641.421 1639.403 1637.579 1635.784 1632.657 1630.158 1627.596 1626.074 1623.337 1620.66 1618.094 1615.933 1613.915 1611.642 1609.306 1606.635 1603.927 1602.049 1599.591 1597.457 1595.762 1593.815 1592.357 1591.312 1587.927 1583.988 1579.644 1576.681 1574.406 1571.385 1569.367
1691.378 1687.694 1681.008 1675.077 1672.374 1668.232 1666.565 1666.375 1664.739 1666.393 1668.555 1663.722 1666.01 1667.404 1671.612 1671.871 1670.691 1670.004 1668.618 1667.192 1666.181 1664.289 1663.089 1662.098 1660.465 1659.596 1658.464 1656.167 1653.676 1651.55 1649.594 1647.87 1645.981 1644.194 1641.826 1639.889 1637.842 1636.032 1633.116 1630.8 1629.138 1627.016 1624.812 1621.884 1619 1616.77 1614.641 1612.319 1609.829 1607.406 1604.059 1602.098 1600.233 1598.066 1596.268 1594.941 1593.272 1590.902 1587.02 1582.659 1578.88 1576.295 1573.497 1571.309 1569.541
1684.313 1678.937 1676.787 1683.706 1682.284 1674.967 1677.027 1677.473 1677.855 1678.152 1679.147 1677.58 1677.224 1676.237 1675.566 1675.807 1675.756 1673.532 1671.598 1669.661 1668.236 1667.22 1666.45 1663.992 1662.637 1660.995 1658.9 1657.047 1654.976 1653.272 1651.312 1649.221 1646.94 1644.475 1642.543 1640.268 1638.062 1636.01 1633.663 1632.025 1629.99 1628.369 1626.109 1622.699 1620.005 1617.556 1615.429 1613.349 1610.579 1607.818 1604.522 1602.117 1600.558 1597.953 1596.573 1595.344 1593.292 1589.87 1585.435 1581.899 1579.043 1578.799 1577.027 1574.316 1571.233
1688.073 1690.886 1689.51 1688.509 1686.479 1686.15 1686.249 1685.858 1686.227 1685.238 1684.616 1683.52 1681.782 1681.27 1680.072 1678.764 1677.621 1675.739 1674.015 1672.578 1670.555 1669.491 1667.47 1666.123 1664.574 1662.307 1659.983 1657.938 1656.1 1654.208 1652.516 1650.366 1648.131 1645.534 1643.12 1641.201 1638.924 1637.005 1634.672 1632.822 1631.292 1629.132 1626.856 1623.278 1620.196 1618.034 1615.512 1613.765 1611.132 1608.279 1605.2 1602.408 1600.368 1598.689 1597.432 1595.396 1591.968 1587.598 1584.156 1582.34 1582.886 1583.011 1581.51 1578.646 1575.248
1695.981 1695.72 1695.486 1695.83 1695.019 1693.811 1692.243 1692.174 1691.526 1689.578 1688.68 1686.768 1685.141 1684.034 1682.494 1680.457 1679.392 1677.229 1675.992 1674.229 1672.614 1671.173 1669.122 1667.093 1665.684 1663.515 1661.544 1659.234 1657.708 1655.463 1653.605 1650.975 1648.797 1646.243 1643.995 1641.934 1639.698 1638.179 1636.003 1633.81 1632.083 1629.63 1626.408 1623.242 1620.62 1618.029 1615.595 1613.609 1611.503 1609.031 1605.88 1602.977 1600.721 1599.266 1596.332 1593.44 1589.602 1586.419 1585.321 1585.374 1586.243 1585.497 1583.234 1580.927 1578.774
1701.817 1702.156 1701.647 1701.293 1698.843 1697.59 1696.562 1695.056 1694.536 1692.17 1691.152 1688.606 1687.639 1686.47 1683.765 1682.379 1680.53 1678.677 1677.284 1675.179 1673.736 1671.72 1670.083 1668.282 1666.869 1664.778 1662.724 1660.56 1658.827 1656.686 1654.283 1652 1649.581 1647.257 1645.277 1642.959 1640.753 1639.161 1637.148 1634.572 1631.805 1629.287 1626.195 1623.328 1620.569 1618.121 1616.115 1614.185 1611.891 1609.279 1605.561 1601.395 1598.889 1596.86 1594.969 1592.075 1589.332 1587.181 1587.872 1589.342 1588.681 1586.633 1584.87 1582.784 1581.181
1706.789 1705.049 1704.078 1702.822 1701.257 1699.631 1697.714 1697.003 1695.205 1694.48 1692.237 1689.928 1688.577 1687.168 1684.845 1682.475 1681.209 1680.004 1678.124 1676.515 1674.263 1672.496 1671.065 1669.366 1667.76 1665.966 1664.001 1661.618 1659.446 1657.524 1654.657 1652.793 1650.542 1648.015 1645.759 1643.492 1641.587 1640.065 1637.71 1634.688 1632.109 1628.835 1626.306 1622.96 1620.548 1618.682 1616.418 1614.572 1611.723 1607.399 1603.078 1600.636 1599.263 1597.144 1595.58 1594.126 1592.021 1590.799 1591.578 1591.54 1589.635 1587.645 1586.23 1584.533 1582.287
1709.035 1707.635 1705.986 1703.939 1702.668 1700.834 1700.025 1698.286 1696.624 1694.369 1692.362 1690.895 1689.119 1687.915 1685.891 1684.075 1681.995 1680.051 1678.444 1677.138 1675.342 1674 1672.286 1670.36 1668.925 1666.971 1665.148 1662.279 1659.919 1658.002 1655.546 1653.513 1651.282 1648.916 1646.422 1643.78 1641.989 1640.446 1638.123 1634.453 1631.564 1628.29 1625.372 1622.554 1620.377 1618.526 1616.298 1613.964 1610.552 1606.456 1603.135 1602.11 1602.366 1601.006 1599.828 1598.182 1596.251 1594.549 1593.411 1592.755 1590.421 1588.334 1587.38 1585.68 1583.516
1710.985 1708.563 1707.564 1705.358 1704.005 1702.677 1700.714 1699.691 1697.925 1695.144 1693.646 1691.981 1689.485 1688.576 1686.528 1684.646 1683.048 1681.942 1679.425 1678.167 1676.202 1674.784 1673.417 1671.678 1669.627 1667.916 1665.451 1663.786 1661.02 1658.682 1656.219 1654.454 1652.221 1649.702 1647.489 1644.826 1643.218 1641.76 1638.594 1634.276 1630.778 1628.145 1625.287 1622.695 1620.513 1618.506 1616.413 1613.66 1609.878 1606.818 1605.259 1604.906 1605.125 1603.992 1601.882 1600.152 1598.424 1597.045 1595.481 1593.901 1591.382 1589.849 1588.513 1586.382 1584.316
1711.317 1709.754 1708.066 1706.347 1704.738 1703.077 1702.021 1700.894 1698.197 1696.045 1693.929 1692.001 1690.304 1689.102 1687.228 1685.429 1683.688 1682.177 1680.258 1678.863 1677.25 1675.723 1674.052 1672.442 1670.409 1668.65 1666.549 1664.29 1661.756 1659.505 1657.32 1655.362 1653.259 1650.6 1648.392 1646.369 1644.648 1642.64 1638.757 1633.899 1630.927 1628.23 1625.384 1622.914 1620.841 1618.639 1615.953 1612.888 1610.025 1608.461 1608.127 1608.112 1607.154 1605.219 1602.972 1600.852 1599.411 1598.345 1596.58 1594.366 1592.237 1590.708 1589.141 1586.998 1585.091
1712.881 1711.082 1709.376 1707.194 1705.766 1703.561 1703.06 1700.561 1699.146 1696.454 1694.242 1692.623 1691.082 1689.641 1687.906 1686.245 1684.686 1682.835 1681.68 1679.721 1678.116 1676.575 1674.592 1672.955 1671.278 1669.456 1667.141 1665.181 1662.616 1660.626 1658.149 1656.365 1654.24 1651.99 1649.511 1647.655 1645.238 1642.115 1637.756 1633.943 1630.975 1628.486 1626.198 1623.721 1621.354 1618.761 1616.478 1613.93 1612.315 1611.656 1610.698 1609.994 1608.43 1606.656 1604.654 1602.037 1600.277 1598.891 1596.939 1595.367 1592.914 1591.233 1589.143 1588.11 1585.558
1713.357 1711.884 1710.078 1708.07 1706.532 1704.667 1702.642 1700.976 1699.751 1697.646 1694.916 1693.294 1692.009 1690.351 1688.894 1686.963 1685.161 1683.632 1682.124 1680.446 1678.983 1676.846 1675.247 1673.624 1672.152 1670.174 1667.957 1665.749 1663.591 1661.635 1659.288 1657.653 1655.579 1653.189 1650.85 1648.228 1645.571 1641.249 1637.729 1634.249 1631.993 1629.5 1626.957 1624.399 1621.593 1619.68 1617.431 1615.702 1614.64 1614.318 1612.83 1611.742 1609.875 1607.409 1604.637 1602.535 1601.063 1599.416 1597.661 1595.87 1593.355 1591.259 1589.889 1587.999 1586.226
1714.202 1712.938 1710.905 1709.108 1706.628 1705.327 1703.519 1701.366 1699.871 1697.691 1695.969 1694.405 1692.758 1691.49 1689.868 1688.346 1686.236 1684.716 1682.659 1681.359 1679.231 1677.63 1675.929 1674.016 1672.269 1670.446 1668.205 1666.102 1664.223 1661.806 1659.406 1657.862 1655.993 1653.418 1651.047 1648.663 1645.944 1642.007 1638.252 1635.168 1632.746 1630.24 1627.401 1624.961 1621.983 1620.336 1618.905 1617.492 1616.255 1615.388 1614.155 1612.623 1611.004 1608.329 1605.37 1603.485 1601.798 1600.144 1598.056 1596.939 1594.511 1592.258 1590.076 1588.472 1586.864
1715.434 1713.411 1711.557 1709.778 1707.382 1705.972 1704.094 1702.157 1699.916 1698.171 1696.658 1694.636 1693.321 1692.267 1690.44 1688.925 1686.813 1685.076 1683.331 1681.537 1679.372 1678.359 1676.627 1674.627 1672.697 1670.925 1668.673 1667.006 1664.636 1662.496 1659.9 1657.853 1656.356 1654.066 1651.662 1649.987 1647.831 1644.004 1640.02 1636.578 1633.258 1630.95 1628.818 1625.895 1623.304 1621.863 1619.865 1618.771 1618.134 1617.099 1616.159 1613.539 1611.916 1609.713 1607.086 1604.675 1602.636 1600.651 1598.177 1596.391 1595.141 1592.944 1591.126 1589.575 1587.794
1716.261 1714.358 1712.391 1710.204 1708.25 1706.295 1704.572 1702.558 1700.755 1699.502 1697.178 1696.315 1694.4 1693.225 1691.817 1689.509 1687.781 1686.077 1684.109 1682.063 1680.418 1678.599 1677.126 1674.839 1673.102 1671.459 1669.218 1667.256 1665.254 1663.293 1660.294 1657.902 1656.409 1654.421 1652.536 1650.516 1648.655 1646.119 1642.049 1637.945 1634.583 1631.728 1629.656 1626.806 1624.603 1622.717 1620.971 1619.791 1619.195 1618.021 1616.475 1614.916 1613.235 1611.069 1609.042 1606.456 1604.583 1601.839 1599.642 1597.513 1595.925 1593.557 1591.574 1589.996 1587.897
