auxillary_inputs/dems/sew/modern/dem24fil_ext.txt
ncols         436
nrows         413
xllcorner     1121548.2005005
yllcorner     886503.65051269
cellsize      24
NODATA_value  -9999
[rows 261 to 289 of 413, columns 65 to 129 of 436]
1758.006 1764.039 1765.95 1767.002 1767.933 1768.212 1768.507 1769.566 1769.973 1769.399 1769.919 1769.48 1768.76 1768.078 1767.439 1766.726 1765.566 1763.806 1761.802 1761.352 1759.624 1758.036 1756.407 1754.845 1753.145 1751.184 1749.267 1747.255 1745.326 1743.802 1742.486 1740.345 1739.249 1738.138 1737.02 1735.617 1734.77 1733.444 1732.364 1731.062 1729.854 1728.852 1727.251 1726.065 1724.815 1723.1 1721.749 1719.963 1718.48 1716.913 1714.259 1711.749 1709.231 1706.19 1703.642 1700.096 1700.654 1698.492 1696.113 1692.222 1689.736 1687.221 1686.021 1685.596 1682.634
1756.802 1761.868 1764.73 1766.122 1767.498 1767.843 1767.899 1768.659 1768.304 1767.823 1767.569 1766.577 1766.007 1765.765 1765.234 1764.759 1763.38 1762.324 1760.366 1759.379 1757.872 1756.387 1754.872 1753.755 1751.775 1750.213 1748.019 1745.794 1743.989 1742.199 1740.4 1739.142 1738.195 1737.417 1736.447 1735.156 1734.021 1732.019 1730.618 1729.061 1727.957 1726.837 1725.779 1724.022 1722.696 1721.024 1718.686 1717.136 1715.723 1714.157 1712.013 1709.984 1707.198 1703.884 1701.452 1697.577 1698.473 1695.881 1692.186 1688.148 1686.976 1685.574 1683.215 1681.839 1680.213
1754.821 1759.361 1762.803 1765.403 1767.384 1767.3 1767.04 1767.536 1767.118 1766.432 1765.645 1764.684 1764.403 1763.232 1763.24 1762.147 1761.7 1760.675 1758.688 1757.366 1756.238 1754.853 1754.032 1752.105 1750.32 1748.973 1746.767 1745.057 1743.047 1740.884 1739.131 1738.062 1737.245 1736.385 1735.409 1734.071 1732.982 1731.487 1729.632 1727.857 1726.353 1725.08 1723.721 1721.956 1720.283 1718.291 1716.241 1714.64 1713.349 1712.117 1709.623 1707.496 1704.478 1702.492 1699.153 1692.145 1695.341 1693.384 1689.697 1685.893 1683.94 1682.219 1679.921 1678.653 1678.491
1745.987 1752.153 1760.434 1764.576 1766.269 1766.75 1766.519 1766.312 1765.744 1765.372 1764.361 1763.655 1762.343 1762.049 1761.55 1761.056 1759.24 1757.869 1756.878 1755.638 1754.061 1753.707 1752.029 1750.219 1748.703 1746.762 1744.456 1743.666 1741.222 1739.936 1738.317 1736.839 1735.948 1734.744 1734.281 1732.849 1731.745 1730.018 1728.243 1726.735 1725.213 1723.235 1721.282 1720.675 1718.388 1716.479 1714.826 1712.634 1711.037 1709.27 1708.013 1705.693 1703.789 1701.319 1699.732 1694.077 1692.145 1690.425 1687.207 1683.383 1680.677 1678.991 1677.659 1676.572 1675.295
1745.395 1743.835 1755.227 1762.936 1765.696 1765.85 1765.661 1765.998 1764.93 1764.366 1763.093 1761.9 1761.555 1760.256 1759.903 1759.053 1758.27 1756.404 1755.257 1753.536 1752.427 1751.19 1749.753 1748.152 1746.711 1744.634 1743.314 1740.648 1739.447 1737.683 1736.287 1735.686 1734.477 1733.157 1732.268 1731.147 1730.105 1728.463 1727.011 1725.334 1723.879 1721.646 1719.475 1717.817 1716.592 1714.706 1713.586 1710.718 1709.229 1707.651 1704.492 1703.011 1701.924 1699.847 1697.933 1692.893 1686.349 1686.396 1684.311 1679.897 1677.769 1675.43 1673.895 1673.3 1672.455
1750.38 1741.485 1749.605 1761.57 1763.819 1764.812 1765.252 1764.589 1763.819 1763.222 1762.126 1761.113 1759.529 1759.771 1758.108 1757.134 1755.953 1755.232 1753.804 1752.191 1750.903 1749.251 1747.835 1746.025 1744.749 1742.649 1741.055 1738.813 1736.73 1735.536 1734.882 1733.933 1733.053 1731.52 1730.524 1729.481 1728.089 1726.978 1725.333 1723.844 1721.786 1719.385 1718.049 1715.757 1714.322 1712.412 1710.718 1709.274 1705.751 1704.79 1702.355 1701.489 1698.974 1698.099 1696.364 1691.057 1687.474 1679.987 1679.647 1677.681 1674.801 1672.205 1670.446 1668.727 1666.24
1748.595 1740.639 1748.028 1758.525 1762.045 1763.159 1764.011 1763.877 1762.843 1762.484 1760.787 1759.589 1758.288 1757.178 1756.463 1755.549 1754.087 1753.075 1751.879 1749.99 1749.43 1747.133 1745.376 1743.618 1742.054 1739.912 1737.925 1737.121 1734.792 1733.389 1732.652 1732.645 1731.303 1729.643 1729.13 1727.687 1726.494 1725.016 1723.844 1722.496 1720.351 1718.458 1717.086 1715.29 1713.184 1710.907 1709.165 1706.8 1705.103 1702.532 1700.254 1698.175 1696.336 1694.984 1693.533 1689.479 1683.391 1677.202 1676.241 1673.137 1671.058 1664.791 1661.515 1660.939 1659.82
1745.552 1739.614 1742.405 1751.901 1758.722 1761.005 1762.415 1762.499 1762.627 1761.167 1759.787 1758.276 1757.108 1755.329 1753.962 1752.877 1751.675 1750.966 1749.829 1747.678 1746.531 1745.168 1743.146 1741.577 1739.617 1738.112 1735.865 1734.915 1732.799 1730.925 1730.282 1729.885 1729.037 1727.669 1726.556 1725.861 1724.777 1723.562 1721.528 1720.371 1718.644 1717.239 1714.936 1712.746 1710.915 1709.095 1706.975 1704.918 1702.585 1700.301 1698.351 1695.439 1694.103 1691.482 1690.542 1686.381 1680.172 1676.701 1670.756 1666.129 1663.471 1660.679 1658.63 1657.484 1654.618
1747.21 1737.259 1737.973 1745.318 1752.795 1757.502 1760.367 1760.777 1761.113 1760.012 1758.774 1757.292 1755.357 1753.78 1751.927 1750.442 1749.18 1748.29 1747.347 1746.061 1744.695 1742.712 1740.962 1738.984 1737.383 1735.875 1734.327 1732.446 1730.928 1729.558 1728.145 1726.715 1726.408 1725.701 1724.761 1724.34 1722.717 1721.456 1720.198 1718.392 1717.093 1715.113 1713.423 1711.512 1709.09 1706.446 1705.344 1703.458 1700.535 1697.748 1695.677 1693.188 1689.057 1686.443 1684.796 1681.268 1676.309 1670.239 1665.994 1664.097 1660.411 1657.053 1654.743 1653.198 1651.625
1754.202 1742.405 1735.262 1736.031 1742.009 1752.012 1756.17 1758.935 1759.385 1759.251 1757.518 1756.103 1754.309 1751.765 1750.633 1748.545 1746.824 1745.689 1745.049 1743.969 1742.193 1740.952 1738.696 1737.004 1735.849 1734.024 1732.149 1730.521 1729.035 1727.494 1726.277 1724.817 1724.1 1723.62 1722.405 1722.145 1720.4 1719.454 1718.235 1716.804 1714.997 1713.803 1711.609 1710.111 1707.619 1705.601 1703.913 1701.746 1698.953 1696.353 1692.999 1689.604 1682.243 1677.539 1673.084 1670.445 1668.197 1665.421 1659.946 1659.318 1656.346 1653.825 1652.431 1650.404 1648.77
1763.047 1754.139 1741.553 1731.426 1730.059 1744.75 1750.755 1755.587 1757.711 1757.429 1755.802 1755.157 1753.527 1750.524 1747.85 1746.157 1744.622 1743.363 1742.147 1741.354 1740.422 1738.905 1736.775 1735.421 1733.196 1732.203 1729.591 1728.695 1727.056 1725.767 1724.338 1722.786 1721.78 1720.707 1720.086 1719.975 1718.619 1717.591 1715.938 1714.25 1713.328 1711.511 1709.893 1708.051 1705.988 1703.915 1702.585 1699.897 1697.292 1693.891 1691.497 1684.272 1675.55 1669.711 1667.227 1666.052 1666.875 1665.142 1661.65 1656.583 1653.104 1650.938 1648.799 1647.556 1646.538
1767.917 1761.799 1751.084 1738.025 1727.598 1737.648 1744.364 1750.691 1753.895 1754.395 1753.646 1752.848 1751.026 1749.415 1747.32 1745.7 1742.237 1740.782 1739.565 1739.438 1737.38 1735.964 1733.99 1732.323 1730.959 1729.309 1727.825 1726.38 1724.894 1723.503 1721.859 1721.179 1720.046 1718.846 1718.664 1717.983 1716.2 1715.454 1714.068 1712.707 1711.596 1709.014 1708.19 1705.818 1703.586 1702.171 1700.494 1697.68 1695.863 1693.368 1690.102 1680.472 1673.555 1667.957 1663.281 1659.941 1662.933 1661.375 1659.043 1654.646 1650.626 1647.492 1645.941 1645.307 1644.118
1771.223 1766.266 1757.902 1747.304 1726.553 1729.819 1738.196 1743.491 1747.78 1748.765 1749.413 1749.682 1749.111 1747.714 1745.32 1742.703 1740.463 1738.947 1737.301 1736.302 1734.936 1733.403 1732.757 1730.413 1729.377 1727.031 1725.463 1724.595 1722.717 1721.525 1721.186 1719.614 1718.427 1717.125 1716.624 1715.268 1714.539 1713.672 1711.796 1710.759 1709.22 1707.702 1705.934 1703.098 1702.103 1700.453 1698.174 1695.616 1693.443 1691.279 1688.083 1678.13 1671.678 1669.276 1668.968 1667.488 1659.921 1657.065 1653.616 1651.479 1647.505 1644.983 1642.788 1639.987 1640.762
1772.566 1769.656 1762.365 1750.417 1734.728 1724.761 1726.168 1733.26 1735.955 1738.611 1742.098 1744.817 1745.833 1745.284 1743.404 1740.565 1738.289 1737.257 1734.754 1734.022 1732.624 1731.054 1729.855 1728.176 1726.452 1725.257 1723.664 1721.645 1720.413 1718.857 1717.435 1717.057 1716.158 1715.105 1714.136 1713.151 1712.477 1710.757 1709.667 1707.81 1706.455 1705.358 1703.103 1701.44 1699.78 1697.842 1696.769 1694.007 1691.547 1687.505 1686.026 1677.793 1671.7 1668.627 1669 1668.62 1662.826 1654.487 1650.595 1645.485 1644.72 1642.012 1639.216 1637.698 1637.125
1773.823 1771.544 1766.767 1758.007 1745.159 1730.608 1719.936 1718.582 1723.611 1729.305 1732.49 1738.081 1741.909 1742.179 1740.724 1738.463 1735.871 1733.777 1732.94 1731.597 1730.32 1729.061 1727.377 1725.622 1724.522 1722.54 1721.051 1718.922 1717.399 1716.639 1715.541 1714.534 1713.527 1712.8 1712.432 1710.771 1709.45 1708.28 1706.561 1705.227 1704.218 1703.096 1700.958 1699.441 1697.968 1695.571 1694.117 1692.114 1690.377 1687.356 1684.084 1678.813 1671.499 1667.231 1667.92 1667.968 1662.531 1654.105 1648.331 1644.44 1642.714 1640.071 1634.544 1636.198 1635.063
1774.897 1773.381 1770.389 1762.091 1754.92 1746.45 1735.261 1728.403 1718.519 1715.74 1724.453 1730.413 1735.378 1737.682 1736.773 1735.501 1731.508 1728.603 1728.178 1728.45 1727.836 1726.541 1725.361 1723.745 1721.622 1719.758 1717.497 1716.486 1715.844 1714.036 1712.529 1711.568 1710.873 1710.035 1709.01 1708.119 1706.917 1705.413 1704.416 1702.662 1701.166 1700.068 1698.266 1697.317 1695.295 1693.73 1692.327 1690.207 1688.42 1685.514 1682.672 1679.293 1670.424 1664.979 1664.927 1666.223 1660.156 1654.608 1648.281 1642.475 1640.951 1639.68 1635.99 1633.004 1632.813
1776.375 1774.026 1771.457 1768.528 1762.925 1758.993 1750.635 1742.7 1733.831 1718.843 1709.335 1724.515 1727.967 1730.767 1730.194 1722.921 1717.633 1718.238 1718.48 1718.431 1721.865 1723.88 1722.635 1720.906 1718.701 1716.899 1715.176 1713.265 1712.746 1710.901 1709.538 1708.859 1708.075 1706.928 1706.442 1706.049 1704.451 1703.024 1702.003 1700.227 1699.198 1697.846 1696.72 1694.816 1693.328 1692.039 1689.144 1688.085 1686.628 1683.616 1680.296 1677.845 1669.486 1662.969 1663.353 1663.206 1658.604 1652.441 1646.153 1640.663 1638.037 1637.168 1628.122 1625.885 1624.939
1777.559 1775.446 1773.234 1771.252 1768.78 1765.467 1761.578 1753.786 1743.165 1727.703 1712.655 1709.227 1718.027 1722.212 1717.365 1710.865 1708.505 1710.673 1712.892 1712.582 1714.297 1715.882 1719.367 1717.841 1715.805 1713.412 1711.478 1709.804 1708.607 1707.918 1706.15 1705.641 1705.074 1704.151 1703.538 1702.927 1701.227 1700.153 1699.045 1698.562 1696.32 1695.162 1693.641 1692.868 1691.344 1689.533 1687.944 1685.357 1683.706 1681.031 1678.771 1675.593 1669.05 1663.235 1661.081 1660.97 1656.18 1651.914 1643.552 1637.37 1634.972 1628.637 1623.961 1622.742 1622.427
1779.622 1777.378 1774.849 1772.736 1770.355 1767.257 1762.983 1757.323 1747.055 1733.87 1721.816 1708.762 1703.309 1707.797 1707.958 1702.893 1700.005 1699.205 1703.953 1706.378 1707.602 1710.392 1709.958 1708.922 1711.09 1709.548 1707.536 1705.681 1703.653 1703.204 1703.654 1702.367 1702.716 1701.677 1700.758 1699.702 1698.327 1697.831 1696.309 1695.199 1693.868 1692.817 1690.984 1690.878 1688.649 1687.307 1684.651 1682.462 1680.976 1678.352 1675.636 1673.142 1667.797 1662.596 1660.915 1659.55 1654.872 1647.659 1641.339 1634.671 1631.478 1627.875 1624.19 1625.168 1621.061
1780.573 1778.443 1775.962 1773.246 1771.088 1768.317 1764.726 1759.05 1748.761 1737.337 1728.188 1717.795 1709.371 1700.464 1698.064 1695.321 1692.787 1690.573 1690.573 1700.312 1703.087 1703.406 1703.911 1700.31 1700.078 1703.166 1702.194 1698.826 1700.163 1699.26 1699.011 1699.584 1699.265 1698.736 1697.595 1696.198 1695.522 1694.878 1693.067 1692.151 1691.132 1689.212 1688.45 1687.439 1686.37 1684.728 1682.997 1680.612 1678.374 1675.727 1673.282 1670.708 1666.166 1661.558 1659.795 1657.296 1652.39 1645.717 1638.739 1631.857 1630.832 1628.325 1623.176 1621.563 1619.922
1780.575 1778.788 1776.342 1773.831 1771.259 1768.631 1765.627 1761.286 1754.548 1742.409 1731.87 1722.673 1714.975 1704.911 1701.306 1698.235 1703.383 1700.765 1691.917 1690.407 1695.877 1698.823 1696.498 1691.391 1693.434 1693.03 1693.104 1688.253 1688.194 1689.75 1691.141 1695.067 1695.828 1695.3 1694.588 1693.784 1692.01 1691.818 1690.265 1687.899 1687.214 1686.552 1685.29 1684.049 1682.886 1681.869 1680.109 1678.72 1676.161 1673.557 1670.383 1667.691 1661.688 1660.123 1658.067 1652.734 1645.616 1641.891 1638.732 1631.509 1629.36 1627.312 1623.433 1625.435 1622.857
1780.462 1778.227 1776.182 1774.407 1771.372 1768.81 1765.973 1761.6 1755.66 1745.483 1733.146 1723.628 1715.493 1706.451 1698.235 1707.503 1708.086 1704.89 1698.112 1690.897 1685.303 1689.435 1690.367 1684.986 1684.23 1686.182 1685.362 1681.299 1679.452 1681.686 1684.062 1684.895 1690.978 1691.149 1689.171 1686.302 1683.814 1681.965 1681.353 1684.64 1683.856 1683.317 1682.811 1681.475 1679.583 1678.591 1677.731 1676.005 1674.316 1670.576 1667.028 1663.16 1659.688 1658.565 1652.843 1645.816 1638.656 1633.255 1632.622 1632.418 1629.916 1626.045 1627.185 1636.172 1632.12
1778.635 1777.089 1775.573 1773.883 1770.855 1767.058 1761.609 1754.044 1746.409 1734.362 1721.96 1711.202 1702.704 1700.867 1702.541 1713.914 1712.866 1709.123 1704.056 1696.411 1690.067 1683.55 1683.157 1682.918 1679.787 1677.606 1677.006 1674.188 1674.188 1674.188 1675.439 1673.792 1680.492 1681.707 1677.867 1676.462 1673.908 1672.824 1672.421 1674.986 1680.414 1679.569 1677.63 1677.373 1676.345 1674.635 1675.216 1673.306 1671.473 1667.104 1663.797 1659.893 1655.459 1650.427 1645.687 1640.866 1633.277 1631.86 1629.762 1628.706 1629.154 1626.045 1636.626 1649.36 1645.321
1775.898 1774.798 1773.579 1771.785 1768.489 1762.55 1754.738 1745.653 1737.86 1726.25 1709.22 1707.659 1711.669 1711.574 1718.927 1721.409 1721.328 1712.303 1705.285 1700.958 1696.451 1692.978 1691.858 1693.211 1691.091 1685.192 1683.81 1683 1677.699 1674.725 1670.373 1675.443 1672.573 1672.893 1669.96 1666.443 1664.846 1664.309 1666.536 1667.209 1670.794 1670.77 1668.846 1671.905 1671.274 1670.575 1670.715 1670.04 1667.471 1663.864 1659.946 1655.043 1648.268 1643.421 1638.975 1635.276 1632.926 1632.927 1631.632 1628.911 1626.397 1631.937 1643.452 1657.978 1657.343
1772.567 1770.731 1768.69 1766.153 1760.572 1753.084 1743.873 1737.565 1731.236 1719.987 1708.01 1717.508 1723.592 1725.586 1728.342 1727.713 1726.598 1717.886 1710.81 1705.794 1702.652 1699.856 1698.622 1698.759 1697.843 1693.236 1688.867 1691.581 1687.885 1680.794 1674.277 1670.373 1670.373 1667.368 1661.635 1661.635 1663.92 1663.434 1661.348 1659.97 1658.981 1659.198 1660.882 1663.464 1665.686 1665.821 1666.378 1665.598 1662.552 1659.09 1652.672 1646.341 1642.491 1641.924 1635.255 1635.255 1634.441 1633.641 1628.749 1627.836 1637.904 1642.553 1652.205 1661.624 1661.81
1766.72 1763.412 1760.882 1756.888 1750.363 1743.707 1737.373 1728.008 1718.359 1711.168 1715.672 1727.352 1730.895 1732.806 1733.512 1732.806 1731.471 1726.648 1717.262 1710.736 1706.383 1703.635 1701.352 1702.341 1701.035 1697.652 1694.789 1698.035 1695.317 1689.488 1682.394 1677.935 1670.58 1665.97 1666.552 1664.885 1661.635 1657.334 1660.865 1660.086 1658.834 1657.493 1656.127 1655.331 1654.99 1658.763 1661.816 1660.91 1657.45 1651.618 1646.747 1640.238 1639.66 1636.411 1636.299 1636.146 1632.5 1629.293 1633.121 1640.073 1650.822 1656.469 1659.555 1666.432 1666.337
1758.062 1754.292 1751.354 1746.973 1743.294 1737.566 1727.588 1718.538 1713.409 1720.137 1729.022 1735.905 1737.497 1738.891 1737.658 1737.777 1735.829 1730.433 1726.971 1719.321 1713.885 1709.522 1704.743 1705.248 1704.821 1703.776 1702.846 1701.421 1695.494 1691.959 1688.117 1684.602 1678.389 1679.67 1675.957 1672.753 1667.193 1662.077 1656.848 1655.706 1652.409 1651.614 1654.573 1653.637 1651.345 1650.696 1656.869 1655.423 1653.638 1646.523 1645.891 1640.54 1638.793 1637.814 1637.971 1631.648 1631.438 1640.79 1644.593 1650.122 1659.594 1666.228 1668.711 1670.342 1670.083
1751.673 1744.956 1738.639 1733.248 1726.583 1723.309 1718.538 1725.358 1734.364 1737.154 1742.618 1743.409 1744.16 1743.049 1741.745 1741.208 1738.684 1735.765 1733.722 1730.601 1722.135 1716.474 1711.78 1710.574 1710.325 1710.773 1707.951 1704.03 1697.529 1695.062 1691.527 1686.902 1683.988 1683.331 1678.604 1675.649 1673.063 1669.413 1664.116 1661.634 1659.041 1655.572 1650.844 1647.173 1649.78 1649.136 1647.76 1646.758 1645.299 1643.164 1642.099 1638.76 1638.563 1633.94 1633.288 1637.79 1644.688 1652.153 1654.216 1660.547 1668.893 1671.66 1672.419 1673.394 1673.256
1737.095 1734.202 1728.518 1726.583 1728.78 1727.601 1729.906 1738.585 1747.274 1749.662 1751.03 1749.962 1750.432 1748.721 1746.073 1743.479 1741.768 1740.051 1737.554 1734.876 1731.958 1724.948 1718.717 1715.417 1714.133 1715.785 1713.18 1706.658 1700.697 1698.995 1695.926 1693.969 1691.449 1687.164 1684.162 1680.646 1679.301 1677.96 1672.818 1671.367 1667.604 1660.058 1654.857 1651.827 1646.191 1645.067 1645.067 1639.89 1645.036 1643.888 1642.688 1642.392 1636.048 1634.791 1641.932 1646.485 1654.714 1665.006 1667.68 1671.207 1674.94 1675.767 1676.807 1676.988 1677.063
