auxillary_inputs/dems/sew/modern/dem24fil_ext.txt
ncols         436
nrows         413
xllcorner     1121548.2005005
yllcorner     886503.65051269
cellsize      24
NODATA_value  -9999
[rows 290 to 318 of 413, columns 260 to 324 of 436]
1719.519 1717.608 1715.293 1713.331 1710.771 1707.477 1704.181 1701.69 1699.588 1697.182 1693.783 1690.669 1687.863 1684.705 1681.559 1679.686 1675.62 1672.008 1667.836 1662.99 1658.66 1655.496 1652.25 1649.363 1645.829 1642.368 1638.412 1634.215 1627.354 1619.815 1611.417 1604.237 1599.973 1597.005 1592.571 1588.968 1584.491 1581.126 1577.658 1574.609 1570.87 1565.825 1560.925 1556.952 1552.595 1548.433 1545.721 1542.699 1539.901 1537.465 1534.357 1528.954 1520.766 1514.634 1510.275 1507.251 1503.986 1502.287 1499.35 1496.178 1492.302 1487.794 1483.651 1480.394 1477.027
1720.039 1717.821 1715.584 1713.354 1710.653 1708.169 1704.843 1702.766 1700.143 1697.708 1694.562 1692.04 1689.027 1686.232 1683.172 1680.104 1677.273 1673.153 1668.541 1664.829 1660.521 1656.512 1652.796 1649.913 1646.214 1642.639 1638.637 1634.782 1627.518 1620.692 1613.058 1606.172 1602.404 1598.504 1595.032 1590.495 1586.527 1581.677 1578.359 1575.318 1571.349 1566.899 1561.944 1556.945 1552.23 1549.049 1545.868 1543.084 1540.323 1537.751 1534.486 1530.141 1522.381 1515.901 1510.79 1507.454 1503.896 1501.338 1499.135 1496.141 1492.244 1487.613 1483.224 1479.65 1476.564
1720.499 1718.021 1715.487 1713.403 1710.916 1708.585 1705.62 1703.196 1700.683 1698.288 1695.113 1692.038 1689.528 1686.612 1684.372 1681.873 1677.591 1674.611 1670.34 1666.034 1661.403 1658.098 1654.465 1651.023 1646.667 1643.48 1639.476 1633.289 1626.206 1620.917 1615.051 1609.632 1604.755 1599.873 1596.404 1593.195 1588.173 1582.02 1578.799 1574.309 1571.787 1567.145 1562.908 1558.076 1553.119 1549.421 1546.771 1543.504 1540.667 1537.999 1534.633 1529.982 1524.211 1518.907 1513.084 1508.451 1504.708 1501.479 1499.101 1495.747 1491.445 1488.135 1484.834 1480.701 1477.049
1720.352 1717.949 1715.14 1713.404 1710.942 1708.361 1705.68 1703.373 1700.974 1698.234 1695.185 1692.142 1689.426 1686.557 1684.019 1680.558 1678.491 1674.371 1671.117 1667.797 1662.494 1658.897 1655.539 1651.779 1648.455 1644.081 1641.069 1636.146 1631.494 1626.467 1620.869 1614.187 1608.578 1603.506 1597.407 1592.731 1587.715 1581.583 1578.182 1574.774 1571.469 1567.008 1563.5 1559.942 1554.648 1551.05 1547.183 1544.552 1541.027 1538.112 1534.563 1530.424 1525.879 1520.056 1514.715 1509.449 1505.599 1502.015 1498.886 1495.383 1492.192 1489.48 1486.408 1482.942 1478.73
-9999 -9999 -9999 -9999 1710.146 1707.897 1705.335 1703.026 1700.906 1698.037 1694.426 1691.817 1689.124 1686.533 1683.454 1681.007 1677.926 1674.968 1670.788 1667.05 1663.374 1659.454 1655.852 1654.131 1650.389 1645.201 1641.827 1638.125 1635.063 1630.017 1623.587 1619.08 1611.823 1605.785 1598.756 1594.49 1587.221 1582.62 1578.535 1574.784 1570.746 1567.786 1563.853 1560.853 1555.831 1551.948 1548.769 1545.236 1541.466 1538.435 1534.914 1530.748 1525.96 1519.837 1514.786 1510.017 1506.134 1502.51 1499.528 1495.738 1492.117 1489.865 1487.908 1484.226 1480.147
-9999 -9999 -9999 -9999 -9999 1706.696 1704.742 1702.231 1699.904 1697.494 1694.413 1691.355 1688.579 1686.03 1683.7 1680.538 1677.598 1674.449 1671.157 1666.533 1662.735 1659.9 1657.453 1654.01 1650.551 1647.394 1642.671 1638.158 1636.274 1630.489 1626.173 1620.107 1613.497 1606.377 1600.788 1595.537 1587.99 1582.491 1579.088 1575.516 1572.357 1567.413 1563.149 1559.765 1556.227 1553.628 1549.576 1545.588 1541.997 1538.797 1534.99 1530.948 1525.526 1518.796 1514.142 1509.979 1506.436 1503.079 1499.998 1495.856 1492.273 1489.888 1487.522 1485.012 1481.444
-9999 -9999 -9999 -9999 -9999 -9999 -9999 1701.621 1698.874 1696.445 1693.782 1690.773 1687.941 1685.646 1682.803 1680.031 1677.224 1674.713 1670.239 1666.671 1663.237 1660.436 1657.426 1654.821 1651.279 1647.496 1643.04 1639.728 1635.965 1631.164 1625.193 1619.51 1614.892 1606.264 1601.843 1595.283 1589.24 1584.54 1579.106 1575.812 1571.597 1567.635 1563.337 1560.587 1556.932 1554.01 1550.192 1546.283 1542.121 1538.572 1534.937 1531.353 1526.183 1519.506 1514.089 1509.822 1506.517 1503.3 1499.832 1496.42 1492.916 1490.675 1487.102 1484.41 1481.265
-9999 -9999 -9999 -9999 -9999 -9999 -9999 -9999 1698.023 1695.443 1692.905 1690.469 1687.417 1684.949 1682.102 1679.48 1676.889 1674.066 1671.132 1667.357 1663.244 1660.149 1657.214 1654.378 1652.221 1646.86 1643.337 1639.82 1635.822 1631.304 1625.204 1619.2 1612.696 1608.064 1601.81 1596.93 1589.7 1583.855 1579.087 1575.289 1572.377 1567.984 1563.927 1560.783 1557.985 1554.919 1550.368 1547.614 1542.224 1538.084 1534.323 1530.996 1526.489 1520.759 1514.908 1510.142 1507.036 1503.59 1500.188 1497.044 1494.086 1490.448 1487.158 1483.369 1480.592
-9999 -9999 -9999 -9999 -9999 -9999 -9999 -9999 -9999 -9999 -9999 1689.696 1686.844 1684.674 1682.014 1679.76 1676.237 1673.968 1671.153 1667.258 1663.228 1660.078 1656.555 1653.058 1650.331 1646.968 1643.01 1639.349 1635.43 1631.857 1626.534 1620.581 1614.913 1610.461 1602.048 1595.528 1588.342 1583.144 1579.115 1575.795 1572.417 1568.673 1564.437 1561.132 1559.174 1555.365 1551.394 1547.035 1542.413 1537.953 1533.686 1530.046 1525.791 1521.846 1515.704 1510.598 1507.489 1504.705 1501.064 1498.365 1494.417 1490.517 1485.828 1482.577 1479.952
-9999 -9999 -9999 -9999 -9999 -9999 -9999 -9999 -9999 -9999 -9999 -9999 1686.307 1684.46 1681.143 1678.748 1676.142 1673.501 1670.141 1666.425 1662.638 1659.46 1655.901 1652.574 1650.192 1646.526 1642.813 1639.663 1634.987 1630.829 1627.267 1621.14 1616.563 1609.561 1604.165 1596.421 1588.932 1584.133 1580.193 1576.204 1573.071 1569.453 1565.7 1562.557 1559.191 1556.013 1551.607 1547.092 1542.261 1537.667 1532.126 1528.07 1524.316 1521.013 1516.164 1511.436 1508.043 1505.115 1502.146 1499.313 1495.215 1489.455 1485.08 1481.592 1478.775
-9999 -9999 -9999 -9999 -9999 -9999 -9999 -9999 -9999 -9999 -9999 -9999 -9999 -9999 -9999 -9999 -9999 -9999 1669.812 1665.607 1662.81 1659.034 1655.479 1653.177 1649.81 1646.189 1642.715 1638.776 1635.711 1630.922 1626.334 1620.631 1613.901 1607.844 1602.82 1596.571 1590.326 1584.477 1580.538 1575.718 1572.443 1569.426 1566.36 1563.281 1559.563 1555.782 1551.91 1547.918 1542.592 1537.062 1531.829 1526.956 1523.34 1520.172 1516.677 1512.279 1509.051 1505.728 1502.973 1499.889 1494.919 1488.641 1484.723 1480.979 1477.659
-9999 -9999 -9999 -9999 -9999 -9999 -9999 -9999 -9999 -9999 -9999 -9999 -9999 -9999 -9999 -9999 -9999 -9999 -9999 1664.416 1661.23 1657.767 1655.265 1652.356 1649.577 1645.974 1642.64 1638.576 1634.573 1630.178 1625.01 1620.551 1613.921 1605.93 1601.633 1595.168 1590.602 1586.144 1581.937 1576.068 1570.943 1569.586 1566.297 1563.601 1559.779 1556.053 1553.281 1547.379 1541.771 1535.609 1530.833 1526.578 1523.467 1520.115 1517.227 1512.85 1510.136 1506.605 1503.467 1500.624 1495.701 1488.95 1483.979 1479.427 1477.057
-9999 -9999 -9999 -9999 -9999 -9999 -9999 -9999 -9999 -9999 -9999 -9999 -9999 -9999 -9999 -9999 -9999 -9999 -9999 -9999 -9999 -9999 1654.316 1651.641 1648.984 1645.022 1641.417 1637.724 1634.391 1629.742 1625.112 1618.999 1613.258 1606.325 1601.582 1596.366 1591.116 1586.719 1581.2 1576.541 1572.023 1568.063 1565.125 1562.511 1560.023 1555.503 1550.433 1546.65 1540.805 1534.836 1529.758 1525.66 1522.705 1519.744 1516.646 1513.072 1510.467 1507.257 1504.036 1500.947 1495.183 1488.85 1484.042 1479.916 1476.555
-9999 -9999 -9999 -9999 -9999 -9999 -9999 -9999 -9999 -9999 -9999 -9999 -9999 -9999 -9999 -9999 -9999 -9999 -9999 -9999 -9999 -9999 -9999 1650.923 1646.837 1644.313 1640.093 1637.726 1633.222 1628.432 1624.006 1618.727 1612.331 1606.782 1602.278 1597.993 1593.477 1586.92 1582.2 1576.953 1573.847 1569.488 1563.964 1560.509 1557.373 1554.431 1550 1546.256 1539.464 1533.78 1529.265 1525.068 1522.292 1519.593 1516.599 1513.265 1510.399 1507.589 1504.215 1500.52 1494.287 1488.103 1483.52 1480.336 1477.258
-9999 -9999 -9999 -9999 -9999 -9999 -9999 -9999 -9999 -9999 -9999 -9999 -9999 -9999 -9999 -9999 -9999 -9999 -9999 -9999 -9999 -9999 -9999 -9999 1645.674 1642.208 1639.041 1635.666 1631.804 1626.959 1622.931 1617.527 1611.899 1607.963 1603.028 1599.254 1593.568 1587.406 1582.079 1577.621 1574.001 1569.442 1565.204 1560.941 1556.749 1553.848 1549.243 1542.812 1538.075 1533.283 1528.225 1524.803 1521.86 1519.008 1516.277 1513.507 1510.283 1507.666 1504.331 1499.769 1493.133 1487.139 1483.24 1480.329 1477.172
-9999 -9999 -9999 -9999 -9999 -9999 -9999 -9999 -9999 -9999 -9999 -9999 -9999 -9999 -9999 -9999 -9999 -9999 -9999 -9999 -9999 -9999 -9999 -9999 -9999 1638.854 1636.628 1633.183 1629.744 1625.973 1623.027 1617.058 1611.083 1606.823 1604.079 1600.1 1594.448 1588.738 1583.769 1577.751 1574.371 1570.531 1567.063 1562.539 1557.929 1552.976 1549.276 1543.13 1536.217 1531.989 1527.558 1524.562 1521.768 1518.941 1516.024 1512.686 1509.233 1506.281 1502.779 1498.237 1492.059 1487.428 1483.719 1480.116 1476.826
-9999 -9999 -9999 -9999 -9999 -9999 -9999 -9999 -9999 -9999 -9999 -9999 -9999 -9999 -9999 -9999 -9999 -9999 -9999 -9999 -9999 -9999 -9999 -9999 -9999 -9999 1633.365 1631.985 1628.464 1624.019 1620.934 1615.002 1609.862 1605.756 1603.566 1600.192 1597.734 1590.789 1584.433 1578.547 1574.239 1570.254 1565.487 1562.577 1558.33 1552.771 1547.006 1540.836 1535.199 1530.932 1527.754 1524.318 1521.625 1519.036 1516.121 1512.282 1509.731 1506.279 1502.047 1496.141 1490.359 1486.835 1483.139 1479.412 1477.085
-9999 -9999 -9999 -9999 -9999 -9999 -9999 -9999 -9999 -9999 -9999 -9999 -9999 -9999 -9999 -9999 -9999 -9999 -9999 -9999 -9999 -9999 -9999 -9999 -9999 -9999 1631.805 1629.759 1626.429 1622.759 1617.916 1613.561 1609.174 1606.922 1603.487 1600.471 1596.535 1591.034 1585.662 1579.547 1573.188 1569.544 1565.421 1561.425 1557.309 1552.67 1546.321 1540.224 1534.329 1530.888 1527.864 1524.658 1521.875 1518.622 1516.071 1512.636 1509.731 1506.703 1502.943 1496.161 1489.718 1486.135 1482.757 1479.806 1476.63
-9999 -9999 -9999 -9999 -9999 -9999 -9999 -9999 -9999 -9999 -9999 -9999 -9999 -9999 -9999 -9999 -9999 -9999 -9999 -9999 -9999 -9999 -9999 -9999 -9999 -9999 -9999 1628.58 1625.823 1621.428 1616.739 1612.926 1609.526 1606.891 1603.71 1600.369 1596.571 1592.213 1586.945 1580.464 1573.737 1568.159 1564.104 1560.66 1556.347 1552.795 1546.367 1540.661 1535.766 1530.893 1528.045 1524.889 1521.706 1518.635 1515.542 1512.946 1509.588 1506.793 1500.871 1494.022 1489.444 1485.275 1481.861 1478.817 1475.911
-9999 -9999 -9999 -9999 -9999 -9999 -9999 -9999 -9999 -9999 -9999 -9999 -9999 -9999 -9999 -9999 -9999 -9999 -9999 -9999 -9999 -9999 -9999 -9999 -9999 -9999 -9999 -9999 1624.434 1620.676 1616.328 1612.293 1608.554 1606.036 1603.412 1599.976 1595.973 1591.994 1586.947 1579.791 1571.624 1567.203 1562.926 1559.27 1555.341 1551.385 1547.396 1543.137 1536.772 1532.497 1528.333 1524.989 1522.004 1519.007 1515.79 1513.031 1509.521 1505.755 1499.597 1492.677 1487.6 1483.808 1480.684 1477.815 1475.067
-9999 -9999 -9999 -9999 -9999 -9999 -9999 -9999 -9999 -9999 -9999 -9999 -9999 -9999 -9999 -9999 -9999 -9999 -9999 -9999 -9999 -9999 -9999 -9999 -9999 -9999 -9999 -9999 1620.624 1617.939 1614.489 1611.315 1608.125 1605.282 1602.691 1599.252 1595.683 1590.95 1585.408 1577.71 1570.768 1565.699 1561.099 1557.111 1553.621 1549.896 1545.982 1541.966 1537.834 1533.485 1529.271 1524.927 1521.853 1518.538 1515.555 1512.687 1508.633 1504.793 1498.104 1491.833 1487.027 1483.702 1480.46 1477.621 1475.423
-9999 -9999 -9999 -9999 -9999 -9999 -9999 -9999 -9999 -9999 -9999 -9999 -9999 -9999 -9999 -9999 -9999 -9999 -9999 -9999 -9999 -9999 -9999 -9999 -9999 -9999 -9999 -9999 -9999 1614.85 1612.47 1609.914 1606.935 1604.341 1601.418 1598.483 1594.603 1589.996 1583.772 1576.522 1569.562 1564.463 1559.87 1556.025 1552.592 1548.982 1545.242 1542.035 1537.807 1533.775 1529.149 1524.74 1521.787 1518.417 1515.145 1512.119 1508.691 1504.391 1498.879 1492.293 1487.344 1483.806 1480.161 1477.843 1475.51
-9999 -9999 -9999 -9999 -9999 -9999 -9999 -9999 -9999 -9999 -9999 -9999 -9999 -9999 -9999 -9999 -9999 -9999 -9999 -9999 -9999 -9999 -9999 -9999 -9999 -9999 -9999 -9999 -9999 -9999 -9999 -9999 -9999 -9999 -9999 1597.865 1593.862 1588.692 1583.348 1576.025 1568.594 1563.563 1559.272 1554.854 1551.879 1548.719 1545.295 1541.859 1538.615 1534.015 1529.558 1524.673 1521.255 1517.676 1514.702 1511.458 1508.437 1504.501 1499.785 1494.074 1488.123 1483.722 1479.97 1477.386 1474.794
-9999 -9999 -9999 -9999 -9999 -9999 -9999 -9999 -9999 -9999 -9999 -9999 -9999 -9999 -9999 -9999 -9999 -9999 -9999 -9999 -9999 -9999 -9999 -9999 -9999 -9999 -9999 -9999 -9999 -9999 -9999 -9999 -9999 -9999 -9999 -9999 1591.464 1586.915 1581.418 1574.685 1568.064 1562.428 1558.28 1554.983 1551.761 1548.885 1545.881 1542.026 1538.378 1534.636 1529.795 1524.457 1521.17 1517.294 1514.093 1511.197 1507.862 1504.437 1500.638 1495.861 1489.018 1483.776 1480.319 1477.657 1474.839
-9999 -9999 -9999 -9999 -9999 -9999 -9999 -9999 -9999 -9999 -9999 -9999 -9999 -9999 -9999 -9999 -9999 -9999 -9999 -9999 -9999 -9999 -9999 -9999 -9999 -9999 -9999 -9999 -9999 -9999 -9999 -9999 -9999 -9999 -9999 -9999 -9999 1584.525 1578.954 1572.918 1566.549 1561.104 1557.636 1554.779 1551.305 1549.268 1545.218 1541.995 1537.726 1533.589 1529.506 1524.422 1520.168 1516.438 1513.909 1510.398 1507.251 1504.478 1501.111 1496.487 1489.811 1484.433 1480.916 1478.13 1476.165
-9999 -9999 -9999 -9999 -9999 -9999 -9999 -9999 -9999 -9999 -9999 -9999 -9999 -9999 -9999 -9999 -9999 -9999 -9999 -9999 -9999 -9999 -9999 -9999 -9999 -9999 -9999 -9999 -9999 -9999 -9999 -9999 -9999 -9999 -9999 -9999 -9999 -9999 1576.521 1570.68 1564.483 1560.15 1556.993 1553.987 1550.939 1548.427 1544.519 1541.243 1536.969 1533.403 1529.458 1524.693 1520.236 1516.052 1512.553 1509.551 1506.536 1503.512 1500.118 1496.316 1490.025 1485.103 1481.74 1479.026 1476.485
-9999 -9999 -9999 -9999 -9999 -9999 -9999 -9999 -9999 -9999 -9999 -9999 -9999 -9999 -9999 -9999 -9999 -9999 -9999 -9999 -9999 -9999 -9999 -9999 -9999 -9999 -9999 -9999 -9999 -9999 -9999 -9999 -9999 -9999 -9999 -9999 -9999 -9999 -9999 -9999 -9999 -9999 -9999 1554.241 1550.919 1548.011 1544.325 1540.126 1536.76 1533.123 1529.125 1524.692 1520.427 1516.889 1512.775 1510.292 1506.12 1503.838 1500.189 1496.227 1490.606 1485.825 1482.48 1479.153 1476.078
-9999 -9999 -9999 -9999 -9999 -9999 -9999 -9999 -9999 -9999 -9999 -9999 -9999 -9999 -9999 -9999 -9999 -9999 -9999 -9999 -9999 -9999 -9999 -9999 -9999 -9999 -9999 -9999 -9999 -9999 -9999 -9999 -9999 -9999 -9999 -9999 -9999 -9999 -9999 -9999 -9999 -9999 -9999 -9999 -9999 1546.828 1542.536 1539.391 1535.439 1531.882 1528.641 1524.342 1520.35 1516.334 1513.26 1510.138 1506.84 1503.906 1501.072 1495.951 1490.447 1486.634 1483.143 1479.915 1476.359
-9999 -9999 -9999 -9999 -9999 -9999 -9999 -9999 -9999 -9999 -9999 -9999 -9999 -9999 -9999 -9999 -9999 -9999 -9999 -9999 -9999 -9999 -9999 -9999 -9999 -9999 -9999 -9999 -9999 -9999 -9999 -9999 -9999 -9999 -9999 -9999 -9999 -9999 -9999 -9999 -9999 -9999 -9999 -9999 -9999 -9999 -9999 1537.44 1533.923 1531.168 1527.116 1523.339 1520.018 1516.462 1513.208 1510.63 1507.029 1503.985 1500.796 1495.911 1491.47 1487.929 1484.431 1481.109 1478.829
