auxillary_inputs/dems/sew/modern/dem24fil_ext.txt
ncols         436
nrows         413
xllcorner     1121548.2005005
yllcorner     886503.65051269
cellsize      24
NODATA_value  -9999
[rows 58 to 86 of 413, columns 260 to 324 of 436]
-9999 -9999 -9999 -9999 -9999 -9999 -9999 -9999 -9999 -9999 -9999 -9999 -9999 -9999 -9999 -9999 -9999 -9999 -9999 -9999 -9999 -9999 -9999 1374.048 1374.096 1373.916 1372.567 1370.756 1369.767 1369.817 1370.055 1371.345 1372.398 1372.772 1372.72 1371.195 1369.945 1369.013 1367.378 1367.478 1356.903 1346.49 1334.911 1322.352 1314.607 1309.722 1299.508 1292.296 1276.136 1271.886 1276.693 1285.056 1298.807 1305.175 1309.771 1315.757 1320.135 1326.569 1333.795 1341.264 1347.907 1357.922 1361.035 1361.902 1360.437
-9999 -9999 -9999 -9999 -9999 -9999 -9999 -9999 -9999 -9999 -9999 -9999 -9999 -9999 -9999 -9999 -9999 -9999 -9999 -9999 -9999 -9999 -9999 1374.432 1374.481 1374.125 1372.813 1371.585 1370.461 1370.269 1371.029 1372.365 1373.011 1373.172 1372.331 1370.949 1369.575 1368.188 1367.129 1366.315 1359.06 1345.913 1334.653 1324.939 1315.891 1306.158 1296.196 1288.75 1276.367 1272.19 1281.995 1289.015 1302.67 1313.954 1319.148 1325.026 1331.451 1337.323 1344.637 1351.601 1359.621 1362.448 1362.876 1362.168 1360.906
-9999 -9999 -9999 -9999 -9999 -9999 -9999 -9999 -9999 -9999 -9999 -9999 -9999 -9999 -9999 -9999 -9999 -9999 -9999 -9999 -9999 -9999 -9999 1375.303 1374.938 1375.259 1373.462 1371.911 1371.548 1371.124 1371.92 1372.679 1373.308 1372.894 1372.029 1370.678 1368.535 1366.743 1365.594 1365.035 1359.635 1346.64 1336.182 1322.924 1313.718 1303.661 1295.654 1286.313 1276.557 1272.19 1283.234 1291.956 1302.735 1316.295 1327.106 1334.295 1342.162 1350.245 1357.431 1361.889 1363.196 1363.939 1362.575 1361.547 1360.979
-9999 -9999 -9999 -9999 -9999 -9999 -9999 -9999 -9999 -9999 -9999 -9999 -9999 -9999 -9999 -9999 -9999 -9999 -9999 -9999 -9999 -9999 -9999 1377.29 1376.066 1376.547 1375.235 1374.09 1372.859 1372.868 1373.191 1373.625 1373.653 1373.008 1372.231 1370.727 1367.763 1365.632 1364.345 1364.07 1356.756 1345.589 1334.512 1322.701 1312.619 1301.972 1293.033 1283.899 1276.884 1273.953 1286.024 1296.048 1306.516 1318.687 1332.346 1344.724 1353.381 1360.721 1362.983 1364.704 1364.382 1364.072 1363.157 1361.11 1362.309
-9999 -9999 -9999 -9999 -9999 -9999 -9999 -9999 -9999 -9999 -9999 -9999 -9999 -9999 -9999 -9999 -9999 -9999 -9999 -9999 -9999 -9999 -9999 -9999 1377.67 1377.084 1376.78 1376.164 1374.882 1374.516 1374.328 1374.482 1374.53 1373.846 1372.162 1370.62 1367.458 1364.901 1363.405 1362.848 1355.271 1344.126 1334.599 1323.358 1309.988 1299.258 1290.011 1280.339 1273.953 1276.1 1288.458 1300.464 1308.607 1317.905 1334.307 1347.347 1359.492 1363.468 1364.558 1364.416 1362.927 1363.751 1362.503 1362.213 1362.753
-9999 -9999 -9999 -9999 -9999 -9999 -9999 -9999 -9999 -9999 -9999 -9999 -9999 -9999 -9999 -9999 -9999 -9999 -9999 -9999 -9999 -9999 -9999 -9999 1379.378 1378.197 1377.828 1376.888 1375.928 1376.414 1375.519 1375.476 1375.39 1374.56 1372.763 1370.546 1367.563 1364.458 1361.292 1357.585 1349.025 1337.464 1330.451 1318.461 1307.147 1296.583 1289.927 1275.588 1276.184 1280.435 1289.59 1300.387 1313.038 1325.739 1335.73 1347.096 1360.688 1364.327 1364.644 1363.149 1362.503 1362.503 1362.763 1363.155 1363.218
-9999 -9999 -9999 -9999 -9999 -9999 -9999 -9999 -9999 -9999 -9999 -9999 -9999 -9999 -9999 -9999 -9999 -9999 -9999 -9999 -9999 -9999 -9999 1384.937 1382.336 1379.288 1378.753 1377.754 1376.88 1376.498 1376.052 1376.216 1376.282 1375.417 1373.577 1371.115 1368.377 1364.706 1363.1 1354.192 1341.411 1332.396 1323.731 1310.889 1302.045 1293.656 1281.433 1275.588 1280.572 1288.959 1297.104 1300.972 1312.573 1327.292 1336.308 1347.635 1361.131 1364.232 1362.719 1362.503 1362.781 1363.634 1365.195 1364.67 1363.915
-9999 -9999 -9999 -9999 -9999 -9999 -9999 -9999 -9999 -9999 -9999 -9999 -9999 -9999 -9999 -9999 -9999 -9999 -9999 -9999 -9999 -9999 1385.981 1386.264 1383.664 1380.579 1378.918 1378.067 1377.203 1376.052 1376.052 1376.052 1376.337 1375.956 1374.775 1372.312 1369.385 1365.636 1362.966 1351.669 1341.061 1331.729 1317.7 1306.452 1299.741 1288.653 1277.645 1276.916 1284.673 1291.699 1296.329 1306.913 1319.212 1329.507 1337.517 1347.65 1361.117 1363.127 1363.202 1364.225 1365.499 1366.189 1367.456 1367.048 1365.972
-9999 -9999 -9999 -9999 -9999 -9999 -9999 -9999 -9999 -9999 -9999 -9999 -9999 -9999 -9999 -9999 -9999 -9999 -9999 -9999 -9999 1385.112 1386.338 1386.987 1383.755 1381.093 1379.28 1378.305 1376.978 1376.052 1376.052 1376.052 1376.571 1376.133 1375.247 1373.734 1370.678 1366.315 1363.591 1350.984 1342.22 1331.993 1316.706 1306.911 1298.722 1283.839 1278.638 1280.58 1287.892 1298.658 1303.654 1313.359 1324.732 1335.041 1344.152 1354.45 1362.885 1364.905 1364.118 1364.973 1366.569 1367.733 1368.796 1368.504 1367.256
-9999 -9999 -9999 -9999 -9999 -9999 -9999 -9999 -9999 -9999 -9999 -9999 -9999 -9999 -9999 -9999 -9999 -9999 -9999 -9999 -9999 1385.184 1386.169 1386.698 1383.682 1381.715 1380.08 1379.175 1377.394 1376.74 1376.052 1376.632 1377.071 1376.424 1376.301 1375.234 1372.235 1367.451 1365.4 1351.784 1342.241 1332.475 1320.265 1308.678 1302.063 1288.065 1278.638 1281.307 1285.256 1301.073 1312.298 1322.556 1329.122 1337.348 1349.756 1359.829 1364.836 1364.864 1365.293 1366.293 1368.131 1368.675 1368.977 1368.342 1368.947
-9999 -9999 -9999 -9999 -9999 -9999 -9999 -9999 -9999 -9999 -9999 -9999 -9999 -9999 -9999 -9999 -9999 -9999 -9999 -9999 1384.147 1384.605 1385.427 1384.422 1382.925 1381.504 1380.93 1380.178 1378.519 1377.588 1376.731 1376.63 1377.112 1377.356 1377.021 1376.013 1374.102 1368.293 1365.717 1354.647 1342.472 1332.043 1320.745 1308.751 1298.24 1284.967 1279.082 1281 1292.4 1301.612 1312.892 1324.033 1334.136 1345.109 1354.616 1363.715 1365.407 1365.67 1365.665 1365.887 1366.397 1367.266 1366.96 1367.669 1369.253
-9999 -9999 -9999 -9999 -9999 -9999 -9999 -9999 -9999 -9999 -9999 -9999 -9999 -9999 -9999 -9999 -9999 -9999 -9999 -9999 1384.385 1384.31 1383.557 1382.688 1382.296 1382.202 1381.967 1380.775 1379.966 1379.46 1378.786 1378.468 1377.964 1377.822 1376.928 1375.509 1374.594 1371.191 1365.791 1352.353 1343.762 1332.495 1319.372 1309.726 1297.271 1281.863 1279.932 1281.762 1292.208 1305.161 1314.573 1325.752 1335.742 1348.139 1360.936 1365.249 1365.372 1365.411 1365.767 1366.137 1366.052 1366.277 1366.529 1368.148 1370.555
-9999 -9999 -9999 -9999 -9999 -9999 -9999 -9999 -9999 -9999 -9999 -9999 -9999 -9999 -9999 -9999 -9999 -9999 -9999 1384.922 1384.979 1384.355 1383.379 1382.951 1382.167 1382.178 1381.417 1380.572 1380.973 1380.08 1379.79 1378.67 1376.896 1376.291 1375.505 1375.419 1374.746 1371.465 1364.684 1353.805 1342.342 1331.472 1318.931 1306.464 1294.702 1280.836 1281.359 1283.559 1289.198 1304.436 1315.619 1326.358 1337.697 1350.175 1360.956 1365.828 1366.041 1365.555 1365.713 1365.652 1365.992 1366.421 1367.654 1369.607 1370.901
-9999 -9999 -9999 -9999 -9999 -9999 -9999 -9999 -9999 -9999 -9999 -9999 -9999 -9999 -9999 -9999 -9999 -9999 -9999 1386.253 1385.584 1385.288 1384.29 1382.827 1382.027 1382.027 1380.881 1380.228 1381.435 1380.089 1376.48 1370.048 1367.134 1365.095 1366.942 1370.285 1374.458 1371.877 1361.468 1351.497 1341.299 1332.457 1318.299 1305.127 1295.358 1282.028 1282.465 1285.197 1288.276 1303.757 1317.257 1327.734 1338.432 1350.803 1362.082 1365.696 1365.894 1365.678 1365.555 1365.555 1367.358 1368.572 1368.219 1368.495 1370.44
-9999 -9999 -9999 -9999 -9999 -9999 -9999 -9999 -9999 -9999 -9999 -9999 -9999 -9999 -9999 -9999 -9999 -9999 -9999 1388.53 1387.724 1386.859 1385.924 1383.716 1383.374 1382.059 1380.969 1379.636 1380.557 1373.257 1365.9 1359.528 1356.331 1354.03 1356.452 1360.203 1363.773 1364.324 1358.372 1348.688 1338.999 1330.087 1316.149 1303.225 1299.024 1282.611 1282.028 1284.977 1293.051 1308.707 1319.326 1329.38 1338.141 1348.042 1360.561 1366.496 1366.465 1365.785 1365.624 1366.747 1368.985 1370.414 1369.735 1369.602 1369.964
-9999 -9999 -9999 -9999 -9999 -9999 -9999 -9999 -9999 -9999 -9999 -9999 -9999 -9999 -9999 -9999 -9999 -9999 1391.577 1390.427 1389.312 1388.706 1387.161 1385.178 1384.226 1382.376 1381.557 1379.439 1373.514 1366.066 1357.816 1352.424 1347.945 1346.348 1346.244 1349.156 1352.023 1353.108 1349.712 1342.371 1335.663 1323.974 1309.294 1303.906 1292.858 1283.49 1282.168 1286.03 1299.833 1310.35 1318.787 1328.429 1338.768 1349.775 1362.015 1367.447 1367.568 1367.44 1366.673 1368.555 1369.738 1369.765 1369.779 1370.441 1369.861
-9999 -9999 -9999 -9999 -9999 -9999 -9999 -9999 -9999 -9999 -9999 -9999 -9999 -9999 -9999 -9999 -9999 -9999 1392.899 1391.998 1390.607 1390.048 1387.862 1386.222 1385.025 1383.633 1380.804 1374.35 1365.587 1356.665 1348.97 1345.294 1341.057 1337.09 1338.663 1339.693 1339.955 1342.091 1340.976 1333.432 1322.399 1312.425 1302.739 1294.094 1285.351 1284.235 1282.588 1287.873 1299.76 1311.296 1319.679 1330.928 1340.196 1351.649 1362.954 1368.612 1369.464 1368.715 1369.064 1370.425 1369.555 1370.883 1370.717 1370.981 1371.4
-9999 -9999 -9999 -9999 -9999 -9999 -9999 -9999 -9999 -9999 -9999 -9999 -9999 -9999 -9999 -9999 -9999 -9999 1393.906 1392.937 1391.543 1390.487 1387.697 1385.82 1386.094 1382.418 1373.518 1365.719 1358.315 1349.912 1340.272 1336.079 1330.26 1328.754 1329.034 1326.615 1325.641 1332.296 1331.666 1323.775 1313.929 1305.379 1298.038 1288.165 1286.407 1284.98 1283.248 1288.488 1299.672 1312.54 1324.403 1336.058 1346.075 1355.508 1365.295 1370.086 1371.294 1369.916 1370.807 1371.683 1371.614 1371.317 1371.487 1371.828 1371.085
-9999 -9999 -9999 -9999 -9999 -9999 -9999 -9999 -9999 -9999 -9999 -9999 -9999 -9999 -9999 -9999 -9999 -9999 1394.682 1393.177 1392.226 1391.16 1387.976 1386.554 1386.085 1379.553 1369.765 1359.85 1352.495 1341.398 1331.663 1327.223 1323.563 1319.161 1315.759 1318.813 1318.949 1322.148 1319.443 1312.824 1307.636 1298.665 1290.026 1288.486 1287.101 1287.063 1283.697 1292.142 1305.708 1318.584 1328.873 1338.614 1349.632 1359.021 1370.949 1370.814 1372.55 1371.148 1371.669 1372.226 1372.336 1372.872 1373.378 1373.453 1373.58
-9999 -9999 -9999 -9999 -9999 -9999 -9999 -9999 -9999 -9999 -9999 -9999 -9999 -9999 -9999 -9999 -9999 -9999 1394.626 1393.62 1392.955 1391.973 1388.775 1386.989 1385.522 1375.573 1366.248 1357.784 1346.461 1335.991 1327.267 1319.448 1314.423 1309.628 1305.704 1306.496 1308.238 1308.598 1305.694 1301.145 1298.456 1291.239 1290.756 1289.231 1288.15 1286.856 1284.294 1298.289 1309.107 1320.02 1333.002 1342.922 1353.945 1363.682 1372.07 1370.814 1370.854 1372.073 1372.65 1373.509 1373.653 1374.88 1376.647 1376.057 1374.101
-9999 -9999 -9999 -9999 -9999 -9999 -9999 -9999 -9999 -9999 -9999 -9999 -9999 -9999 -9999 -9999 -9999 1393.342 1393.879 1393.895 1393.375 1391.271 1389.552 1387.646 1383.365 1370.9 1360.592 1349.261 1341.304 1329.143 1320.823 1310.738 1300.538 1299.237 1298.155 1296.626 1293.851 1293.851 1292.993 1293.499 1295.56 1291.867 1290.256 1288.5 1287.625 1285.946 1289.605 1304.312 1312.937 1325.645 1337.247 1347.871 1356.633 1371.751 1371.344 1370.846 1372.275 1372.703 1373.97 1374.328 1376.659 1375.207 1379.605 1378.098 1374.241
-9999 -9999 -9999 -9999 -9999 -9999 -9999 -9999 -9999 -9999 -9999 -9999 -9999 -9999 -9999 -9999 1391.618 1392.213 1393.219 1393.216 1392.995 1390.388 1389.319 1387.82 1376.407 1366.996 1355.511 1345.057 1335.345 1324.203 1314.779 1301.309 1297.855 1296.841 1298.959 1296.237 1296.586 1295.088 1291.271 1289.149 1289.149 1288.426 1288.202 1287.959 1295.577 1296.613 1289.693 1300.673 1317.176 1329.455 1340.994 1350.192 1359.879 1372.533 1371.368 1370.911 1373.248 1373.721 1374.086 1373.142 1378.147 1379.992 1378.323 1376.126 1374.577
-9999 -9999 -9999 -9999 -9999 -9999 -9999 -9999 -9999 -9999 -9999 -9999 -9999 -9999 1391.689 1391.719 1391.817 1391.618 1392.445 1392.528 1391.841 1390.165 1388.108 1381.525 1374.339 1364.443 1352.86 1340.644 1330.93 1322.012 1310.749 1299.344 1298.632 1297.752 1295.329 1295.329 1292.781 1291.72 1293.144 1293.461 1292.795 1297.999 1304.471 1306.669 1309.069 1314.44 1309.99 1300.322 1315.915 1330.348 1342.907 1351.856 1363.072 1371.914 1371.635 1370.813 1372.05 1372.984 1372.984 1374.246 1378.813 1377.961 1375.772 1371.437 1371.437
-9999 -9999 -9999 -9999 -9999 -9999 -9999 -9999 -9999 -9999 -9999 -9999 1395.077 1392.788 1392.482 1391.764 1391.401 1391.497 1391.62 1391.455 1391.086 1389.631 1386.827 1381.958 1372.528 1362.343 1353.804 1339.564 1330.883 1321.763 1308.463 1299.878 1301.173 1297.688 1295.395 1296.411 1297.138 1301.063 1294.759 1295.5 1298.734 1308.373 1311.361 1316.491 1321.76 1325.175 1321.091 1313.838 1316.505 1329.522 1344.082 1354.175 1367.777 1373.728 1370.759 1370.992 1374.952 1375.643 1374.82 1375.978 1377.514 1374.875 1372.215 1371.472 1371.437
-9999 -9999 -9999 -9999 -9999 -9999 -9999 -9999 -9999 -9999 -9999 1398.709 1396.617 1394.066 1392.671 1392.236 1391.783 1390.823 1390.965 1390.434 1390.137 1387.881 1385.868 1378.456 1370.986 1362.44 1353.552 1337.656 1328.204 1321.083 1310.777 1300.267 1301.028 1301.222 1306.81 1313.859 1315.319 1312.497 1310.053 1308.463 1312.188 1317.103 1320.617 1324.899 1332.674 1335.543 1329.103 1320.248 1317.782 1328.397 1343.033 1353.009 1367.82 1370.109 1371.873 1372.28 1376.586 1376.927 1377.375 1376.911 1374.071 1371.437 1371.536 1371.437 1371.437
-9999 -9999 -9999 -9999 -9999 -9999 -9999 -9999 -9999 -9999 1399.637 1399.606 1398.394 1396.283 1393.57 1392.582 1390.905 1390.865 1390.199 1389.267 1388.827 1386.554 1380.815 1373.388 1365.699 1358.046 1353.31 1340.212 1330.073 1321.17 1309.078 1301.027 1305.141 1303.608 1314.842 1326.303 1327.695 1324.575 1322.951 1323.459 1326.308 1329.47 1331.601 1335.135 1341.835 1349.365 1339.366 1330.468 1319.902 1328.584 1341.672 1352.757 1367.283 1371.693 1375.955 1373.785 1378.582 1377.656 1375.321 1371.437 1371.709 1371.504 1371.437 1371.437 1371.437
-9999 -9999 -9999 -9999 -9999 -9999 -9999 1400.207 1399.659 1400.152 1400.232 1399.975 1399.293 1397.593 1394.623 1392.896 1391 1389.657 1388.527 1388.331 1387.377 1383.05 1374.483 1368.234 1359.431 1351.93 1342.794 1329.728 1322.35 1317.763 1312.919 1303.403 1301.429 1306.732 1317.873 1326.766 1333.794 1335.767 1333.319 1337.951 1338.172 1340.777 1344.069 1346.508 1355 1359.345 1344.977 1337.698 1329.722 1328.847 1341.816 1354.43 1368.604 1373.705 1377.529 1375.161 1379.099 1378.433 1372.012 1371.437 1371.437 1371.452 1371.437 1371.478 1371.437
-9999 -9999 -9999 -9999 -9999 -9999 1401.404 1400.358 1400.16 1399.659 1399.56 1399.785 1399.839 1398.047 1395.15 1392.629 1390.811 1388.783 1388.919 1387.292 1385.424 1379.793 1372.753 1362.619 1356.357 1346.124 1340.244 1340.002 1334.425 1327.916 1320.662 1306.594 1302.56 1308.794 1316.211 1327.203 1338.293 1350.174 1348.859 1345.143 1348.389 1352.161 1354.587 1357.954 1367.87 1366.227 1352.67 1346.453 1337.642 1329.62 1340.358 1356.221 1365.015 1374.332 1376.347 1375.399 1380.918 1378.231 1371.437 1371.437 1371.437 1371.437 1374.344 1374.492 1371.437
-9999 -9999 -9999 -9999 1404.987 1403.125 1401.254 1399.975 1399.634 1399.508 1399.711 1399.66 1399.466 1397.472 1394.318 1391.798 1389.885 1389.218 1388.065 1386.363 1384.447 1375.718 1369.031 1359.463 1351.642 1348.415 1353.105 1355.479 1347.222 1333.221 1324.15 1316.346 1303.459 1303.25 1316.507 1327.424 1343.128 1350.723 1360.38 1357.781 1358.535 1362.361 1367.199 1373.008 1373.943 1372.552 1364.712 1357.401 1350.023 1337.57 1342.279 1353.36 1364.194 1374.117 1375.658 1375.138 1382.353 1376.222 1371.437 1371.437 1371.437 1374.668 1379.119 1372.141 1371.437
